0.000000 -1.175894 -0.000000 0.066855 0.000000 0.177319 0.000000
0.010000 -1.175886 0.001773 0.066848 0.001627 0.177293 -0.001414
0.020000 -1.175862 0.003546 0.066827 0.003254 0.177215 -0.002827
0.030000 -1.175821 0.005317 0.066792 0.004879 0.177084 -0.004241
0.040000 -1.175764 0.007087 0.066742 0.006502 0.176901 -0.005653
0.050000 -1.175691 0.008855 0.066679 0.008121 0.176666 -0.007065
0.060000 -1.175602 0.010620 0.066601 0.009737 0.176379 -0.008475
0.070000 -1.175496 0.012382 0.066509 0.011347 0.176039 -0.009885
0.080000 -1.175375 0.014141 0.066403 0.012953 0.175648 -0.011292
0.090000 -1.175237 0.015895 0.066283 0.014552 0.175205 -0.012698
0.100000 -1.175084 0.017645 0.066149 0.016144 0.174710 -0.014103
0.110000 -1.174914 0.019389 0.066001 0.017728 0.174163 -0.015504
0.120000 -1.174729 0.021128 0.065839 0.019304 0.173566 -0.016904
0.130000 -1.174528 0.022860 0.065663 0.020870 0.172917 -0.018301
0.140000 -1.174312 0.024586 0.065473 0.022426 0.172216 -0.019695
0.150000 -1.174080 0.026305 0.065269 0.023971 0.171466 -0.021086
0.160000 -1.173832 0.028015 0.065052 0.025505 0.170664 -0.022473
0.170000 -1.173570 0.029718 0.064820 0.027027 0.169812 -0.023857
0.180000 -1.173292 0.031411 0.064574 0.028535 0.168910 -0.025238
0.190000 -1.172999 0.033096 0.064315 0.030030 0.167958 -0.026614
0.200000 -1.172691 0.034770 0.064042 0.031510 0.166956 -0.027987
0.210000 -1.172369 0.036435 0.063755 0.032975 0.165905 -0.029355
0.220000 -1.172032 0.038088 0.063455 0.034423 0.164805 -0.030718
0.230000 -1.171680 0.039731 0.063141 0.035856 0.163656 -0.032077
0.240000 -1.171315 0.041361 0.062814 0.037271 0.162458 -0.033431
0.250000 -1.170935 0.042980 0.062473 0.038668 0.161213 -0.034779
0.260000 -1.170542 0.044585 0.062118 0.040046 0.159920 -0.036122
0.270000 -1.170134 0.046178 0.061750 0.041405 0.158579 -0.037460
0.280000 -1.169713 0.047757 0.061369 0.042745 0.157191 -0.038791
0.290000 -1.169279 0.049322 0.060974 0.044063 0.155757 -0.040117
0.300000 -1.168832 0.050872 0.060567 0.045361 0.154276 -0.041436
0.310000 -1.168372 0.052407 0.060146 0.046636 0.152749 -0.042748
0.320000 -1.167900 0.053927 0.059712 0.047889 0.151177 -0.044054
0.330000 -1.167415 0.055430 0.059265 0.049119 0.149560 -0.045353
0.340000 -1.166917 0.056918 0.058805 0.050326 0.147898 -0.046645
0.350000 -1.166408 0.058388 0.058332 0.051508 0.146192 -0.047929
0.360000 -1.165887 0.059841 0.057846 0.052666 0.144442 -0.049206
0.370000 -1.165355 0.061277 0.057348 0.053798 0.142649 -0.050475
0.380000 -1.164811 0.062694 0.056836 0.054905 0.140813 -0.051736
0.390000 -1.164257 0.064093 0.056313 0.055985 0.138934 -0.052988
0.400000 -1.163692 0.065473 0.055777 0.057038 0.137014 -0.054232
0.410000 -1.163116 0.066833 0.055228 0.058064 0.135052 -0.055468
0.420000 -1.162531 0.068174 0.054667 0.059062 0.133049 -0.056694
0.430000 -1.161935 0.069494 0.054094 0.060032 0.131005 -0.057911
0.440000 -1.161330 0.070794 0.053509 0.060973 0.128922 -0.059119
0.450000 -1.160716 0.072072 0.052912 0.061885 0.126799 -0.060317
0.460000 -1.160092 0.073329 0.052303 0.062767 0.124637 -0.061506
0.470000 -1.159460 0.074565 0.051682 0.063620 0.122437 -0.062684
0.480000 -1.158820 0.075778 0.051049 0.064441 0.120199 -0.063852
0.490000 -1.158172 0.076969 0.050405 0.065233 0.117923 -0.065009
0.500000 -1.157516 0.078136 0.049749 0.065992 0.115611 -0.066156
0.510000 -1.156852 0.079281 0.049082 0.066721 0.113262 -0.067292
0.520000 -1.156181 0.080401 0.048403 0.067417 0.110877 -0.068416
0.530000 -1.155504 0.081498 0.047714 0.068082 0.108458 -0.069529
0.540000 -1.154820 0.082571 0.047013 0.068714 0.106003 -0.070629
0.550000 -1.154130 0.083618 0.046301 0.069313 0.103514 -0.071718
0.560000 -1.153434 0.084641 0.045578 0.069879 0.100992 -0.072795
0.570000 -1.152732 0.085638 0.044845 0.070412 0.098436 -0.073859
0.580000 -1.152025 0.086609 0.044101 0.070911 0.095848 -0.074911
0.590000 -1.151314 0.087555 0.043347 0.071376 0.093228 -0.075949
0.600000 -1.150598 0.088474 0.042582 0.071808 0.090577 -0.076974
0.610000 -1.149878 0.089366 0.041808 0.072205 0.087895 -0.077985
0.620000 -1.149154 0.090232 0.041023 0.072568 0.085182 -0.078983
0.630000 -1.148427 0.091070 0.040228 0.072897 0.082440 -0.079966
0.640000 -1.147696 0.091880 0.039423 0.073191 0.079668 -0.080935
0.650000 -1.146963 0.092663 0.038609 0.073450 0.076868 -0.081889
0.660000 -1.146227 0.093418 0.037786 0.073674 0.074039 -0.082828
0.670000 -1.145490 0.094144 0.036953 0.073864 0.071183 -0.083752
0.680000 -1.144750 0.094841 0.036111 0.074018 0.068300 -0.084660
0.690000 -1.144009 0.095510 0.035260 0.074137 0.065391 -0.085552
0.700000 -1.143268 0.096149 0.034400 0.074221 0.062455 -0.086428
0.710000 -1.142525 0.096759 0.033531 0.074270 0.059495 -0.087288
0.720000 -1.141782 0.097339 0.032654 0.074284 0.056509 -0.088130
0.730000 -1.141040 0.097889 0.031769 0.074263 0.053499 -0.088955
0.740000 -1.140297 0.098409 0.030875 0.074207 0.050466 -0.089763
0.750000 -1.139556 0.098898 0.029973 0.074116 0.047409 -0.090552
0.760000 -1.138815 0.099357 0.029064 0.073990 0.044330 -0.091323
0.770000 -1.138076 0.099784 0.028147 0.073829 0.041228 -0.092076
0.780000 -1.137338 0.100181 0.027223 0.073634 0.038105 -0.092809
0.790000 -1.136603 0.100546 0.026291 0.073404 0.034961 -0.093523
0.800000 -1.135871 0.100880 0.025352 0.073139 0.031797 -0.094216
0.810000 -1.135141 0.101182 0.024407 0.072841 0.028612 -0.094890
0.820000 -1.134414 0.101452 0.023454 0.072509 0.025408 -0.095543
0.830000 -1.133691 0.101690 0.022496 0.072143 0.022185 -0.096174
0.840000 -1.132971 0.101896 0.021531 0.071743 0.018944 -0.096784
0.850000 -1.132256 0.102069 0.020560 0.071310 0.015684 -0.097372
0.860000 -1.131545 0.102210 0.019584 0.070845 0.012408 -0.097937
0.870000 -1.130839 0.102317 0.018602 0.070347 0.009114 -0.098479
0.880000 -1.130138 0.102392 0.017614 0.069817 0.005805 -0.098998
0.890000 -1.129443 0.102433 0.016622 0.069255 0.002479 -0.099492
0.900000 -1.128753 0.102442 0.015624 0.068661 -0.000861 -0.099962
0.910000 -1.128070 0.102416 0.014623 0.068037 -0.004217 -0.100407
0.920000 -1.127393 0.102357 0.013616 0.067382 -0.007586 -0.100826
0.930000 -1.126722 0.102264 0.012606 0.066697 -0.010970 -0.101219
0.940000 -1.126059 0.102138 0.011592 0.065983 -0.014366 -0.101585
0.950000 -1.125403 0.101977 0.010575 0.065240 -0.017775 -0.101924
0.960000 -1.124754 0.101782 0.009554 0.064468 -0.021196 -0.102234
0.970000 -1.124113 0.101553 0.008530 0.063669 -0.024629 -0.102516
0.980000 -1.123481 0.101290 0.007503 0.062842 -0.028072 -0.102768
0.990000 -1.122857 0.100992 0.006475 0.061989 -0.031526 -0.102990
1.000000 -1.122241 0.100659 0.005444 0.061110 -0.034989 -0.103182
1.010000 -1.121634 0.100292 0.004411 0.060206 -0.038462 -0.103342
1.020000 -1.121037 0.099890 0.003377 0.059277 -0.041944 -0.103470
1.030000 -1.120449 0.099453 0.002342 0.058325 -0.045433 -0.103565
1.040000 -1.119871 0.098981 0.001306 0.057350 -0.048930 -0.103626
1.050000 -1.119302 0.098474 0.000269 0.056354 -0.052434 -0.103653
1.060000 -1.118744 0.097932 -0.000767 0.055336 -0.055943 -0.103644
1.070000 -1.118195 0.097355 -0.001803 0.054298 -0.059459 -0.103599
1.080000 -1.117658 0.096743 -0.002839 0.053241 -0.062978 -0.103518
1.090000 -1.117131 0.096096 -0.003874 0.052166 -0.066502 -0.103398
1.100000 -1.116614 0.095413 -0.004907 0.051074 -0.070029 -0.103240
1.110000 -1.116109 0.094695 -0.005938 0.049966 -0.073558 -0.103042
1.120000 -1.115615 0.093942 -0.006967 0.048843 -0.077089 -0.102803
1.130000 -1.115132 0.093153 -0.007994 0.047706 -0.080621 -0.102523
1.140000 -1.114661 0.092330 -0.009018 0.046556 -0.084152 -0.102201
1.150000 -1.114201 0.091470 -0.010038 0.045395 -0.087683 -0.101835
1.160000 -1.113753 0.090576 -0.011054 0.044223 -0.091211 -0.101424
1.170000 -1.113317 0.089646 -0.012066 0.043043 -0.094736 -0.100968
1.180000 -1.112892 0.088681 -0.013074 0.041855 -0.098257 -0.100466
1.190000 -1.112480 0.087681 -0.014075 0.040661 -0.101773 -0.099916
1.200000 -1.112079 0.086646 -0.015072 0.039462 -0.105282 -0.099317
1.210000 -1.111691 0.085575 -0.016062 0.038259 -0.108783 -0.098669
1.220000 -1.111314 0.084470 -0.017045 0.037054 -0.112274 -0.097970
1.230000 -1.110949 0.083330 -0.018021 0.035849 -0.115756 -0.097220
1.240000 -1.110597 0.082155 -0.018989 0.034644 -0.119225 -0.096417
1.250000 -1.110257 0.080945 -0.019949 0.033442 -0.122680 -0.095559
1.260000 -1.109928 0.079701 -0.020900 0.032244 -0.126120 -0.094647
1.270000 -1.109612 0.078423 -0.021842 0.031050 -0.129543 -0.093679
1.280000 -1.109307 0.077111 -0.022774 0.029864 -0.132947 -0.092654
1.290000 -1.109014 0.075764 -0.023695 0.028687 -0.136330 -0.091572
1.300000 -1.108733 0.074384 -0.024605 0.027519 -0.139690 -0.090430
1.310000 -1.108464 0.072971 -0.025503 0.026363 -0.143026 -0.089228
1.320000 -1.108206 0.071524 -0.026389 0.025220 -0.146333 -0.087966
1.330000 -1.107959 0.070044 -0.027262 0.024091 -0.149611 -0.086642
1.340000 -1.107724 0.068532 -0.028122 0.022979 -0.152857 -0.085256
1.350000 -1.107500 0.066987 -0.028967 0.021884 -0.156068 -0.083807
1.360000 -1.107286 0.065410 -0.029798 0.020809 -0.159242 -0.082294
1.370000 -1.107084 0.063802 -0.030613 0.019754 -0.162375 -0.080716
1.380000 -1.106891 0.062163 -0.031412 0.018720 -0.165466 -0.079074
1.390000 -1.106709 0.060493 -0.032194 0.017710 -0.168509 -0.077366
1.400000 -1.106537 0.058793 -0.032959 0.016724 -0.171504 -0.075593
1.410000 -1.106375 0.057063 -0.033706 0.015764 -0.174445 -0.073754
1.420000 -1.106222 0.055304 -0.034434 0.014831 -0.177331 -0.071849
1.430000 -1.106078 0.053517 -0.035142 0.013924 -0.180157 -0.069878
1.440000 -1.105943 0.051701 -0.035831 0.013047 -0.182920 -0.067841
1.450000 -1.105817 0.049859 -0.036499 0.012198 -0.185616 -0.065739
1.460000 -1.105699 0.047989 -0.037146 0.011380 -0.188241 -0.063572
1.470000 -1.105589 0.046094 -0.037770 0.010592 -0.190793 -0.061340
1.480000 -1.105487 0.044174 -0.038372 0.009834 -0.193266 -0.059046
1.490000 -1.105392 0.042229 -0.038951 0.009108 -0.195657 -0.056689
1.500000 -1.105305 0.040261 -0.039506 0.008412 -0.197962 -0.054270
1.510000 -1.105224 0.038270 -0.040036 0.007748 -0.200178 -0.051792
1.520000 -1.105150 0.036258 -0.040541 0.007114 -0.202299 -0.049255
1.530000 -1.105082 0.034224 -0.041021 0.006511 -0.204324 -0.046662
1.540000 -1.105019 0.032171 -0.041475 0.005937 -0.206247 -0.044015
1.550000 -1.104963 0.030100 -0.041901 0.005392 -0.208065 -0.041315
1.560000 -1.104911 0.028010 -0.042301 0.004875 -0.209775 -0.038565
1.570000 -1.104865 0.025905 -0.042672 0.004385 -0.211372 -0.035768
1.580000 -1.104824 0.023783 -0.043016 0.003920 -0.212854 -0.032927
1.590000 -1.104787 0.021648 -0.043331 0.003480 -0.214218 -0.030044
1.600000 -1.104754 0.019499 -0.043617 0.003061 -0.215460 -0.027122
1.610000 -1.104725 0.017339 -0.043873 0.002664 -0.216578 -0.024166
1.620000 -1.104701 0.015168 -0.044100 0.002285 -0.217569 -0.021178
1.630000 -1.104680 0.012988 -0.044297 0.001923 -0.218431 -0.018162
1.640000 -1.104662 0.010800 -0.044463 0.001575 -0.219161 -0.015122
1.650000 -1.104648 0.008605 -0.044599 0.001239 -0.219759 -0.012062
1.660000 -1.104637 0.006405 -0.044704 0.000913 -0.220223 -0.008986
1.670000 -1.104630 0.004201 -0.044779 0.000595 -0.220551 -0.005897
1.680000 -1.104625 0.001995 -0.044822 0.000281 -0.220743 -0.002801
1.690000 -1.104624 -0.000213 -0.044835 -0.000030 -0.220798 0.000299
1.700000 -1.104626 -0.002421 -0.044816 -0.000342 -0.220716 0.003399
1.710000 -1.104631 -0.004627 -0.044767 -0.000656 -0.220498 0.006494
1.720000 -1.104639 -0.006830 -0.044686 -0.000976 -0.220144 0.009580
1.730000 -1.104651 -0.009029 -0.044575 -0.001303 -0.219654 0.012654
1.740000 -1.104665 -0.011223 -0.044433 -0.001641 -0.219031 0.015710
1.750000 -1.104683 -0.013409 -0.044261 -0.001991 -0.218275 0.018746
1.760000 -1.104705 -0.015588 -0.044058 -0.002357 -0.217388 0.021757
1.770000 -1.104731 -0.017757 -0.043826 -0.002739 -0.216372 0.024739
1.780000 -1.104760 -0.019915 -0.043564 -0.003140 -0.215230 0.027689
1.790000 -1.104793 -0.022061 -0.043272 -0.003563 -0.213964 0.030603
1.800000 -1.104831 -0.024194 -0.042952 -0.004008 -0.212578 0.033478
1.810000 -1.104874 -0.026312 -0.042603 -0.004477 -0.211073 0.036311
1.820000 -1.104921 -0.028415 -0.042226 -0.004973 -0.209454 0.039100
1.830000 -1.104973 -0.030501 -0.041821 -0.005495 -0.207723 0.041840
1.840000 -1.105031 -0.032569 -0.041389 -0.006045 -0.205884 0.044530
1.850000 -1.105094 -0.034618 -0.040931 -0.006625 -0.203941 0.047167
1.860000 -1.105164 -0.036647 -0.040446 -0.007234 -0.201898 0.049749
1.870000 -1.105239 -0.038656 -0.039936 -0.007874 -0.199757 0.052274
1.880000 -1.105321 -0.040642 -0.039401 -0.008544 -0.197524 0.054741
1.890000 -1.105410 -0.042606 -0.038841 -0.009246 -0.195202 0.057148
1.900000 -1.105506 -0.044546 -0.038258 -0.009978 -0.192795 0.059493
1.910000 -1.105610 -0.046462 -0.037652 -0.010741 -0.190306 0.061776
1.920000 -1.105721 -0.048352 -0.037023 -0.011535 -0.187741 0.063995
1.930000 -1.105840 -0.050216 -0.036372 -0.012360 -0.185101 0.066149
1.940000 -1.105968 -0.052054 -0.035700 -0.013214 -0.182392 0.068239
1.950000 -1.106105 -0.053864 -0.035007 -0.014097 -0.179617 0.070263
1.960000 -1.106250 -0.055646 -0.034295 -0.015009 -0.176779 0.072221
1.970000 -1.106405 -0.057399 -0.033563 -0.015947 -0.173882 0.074114
1.980000 -1.106569 -0.059123 -0.032813 -0.016913 -0.170930 0.075940
1.990000 -1.106743 -0.060818 -0.032045 -0.017903 -0.167926 0.077701
2.000000 -1.106928 -0.062482 -0.031259 -0.018918 -0.164873 0.079396
2.010000 -1.107122 -0.064115 -0.030457 -0.019956 -0.161774 0.081026
2.020000 -1.107327 -0.065717 -0.029639 -0.021015 -0.158633 0.082591
2.030000 -1.107542 -0.067287 -0.028805 -0.022094 -0.155452 0.084091
2.040000 -1.107769 -0.068826 -0.027957 -0.023192 -0.152234 0.085529
2.050000 -1.108006 -0.070332 -0.027095 -0.024308 -0.148981 0.086903
2.060000 -1.108255 -0.071805 -0.026219 -0.025439 -0.145697 0.088215
2.070000 -1.108515 -0.073246 -0.025331 -0.026585 -0.142384 0.089465
2.080000 -1.108787 -0.074653 -0.024430 -0.027743 -0.139044 0.090655
2.090000 -1.109070 -0.076027 -0.023518 -0.028913 -0.135679 0.091785
2.100000 -1.109365 -0.077366 -0.022595 -0.030093 -0.132292 0.092857
2.110000 -1.109672 -0.078672 -0.021661 -0.031280 -0.128884 0.093870
2.120000 -1.109991 -0.079944 -0.020717 -0.032474 -0.125458 0.094828
2.130000 -1.110321 -0.081181 -0.019765 -0.033674 -0.122015 0.095729
2.140000 -1.110664 -0.082384 -0.018803 -0.034877 -0.118557 0.096576
2.150000 -1.111019 -0.083553 -0.017833 -0.036081 -0.115085 0.097369
2.160000 -1.111386 -0.084686 -0.016856 -0.037287 -0.111602 0.098109
2.170000 -1.111765 -0.085785 -0.015871 -0.038491 -0.108108 0.098798
2.180000 -1.112155 -0.086848 -0.014880 -0.039693 -0.104605 0.099437
2.190000 -1.112558 -0.087877 -0.013883 -0.040892 -0.101095 0.100026
2.200000 -1.112973 -0.088870 -0.012880 -0.042085 -0.097578 0.100566
2.210000 -1.113400 -0.089828 -0.011871 -0.043271 -0.094057 0.101060
2.220000 -1.113839 -0.090751 -0.010859 -0.044450 -0.090531 0.101507
2.230000 -1.114289 -0.091639 -0.009841 -0.045620 -0.087002 0.101909
2.240000 -1.114751 -0.092491 -0.008821 -0.046779 -0.083471 0.102266
2.250000 -1.115225 -0.093308 -0.007796 -0.047926 -0.079940 0.102580
2.260000 -1.115710 -0.094090 -0.006769 -0.049060 -0.076408 0.102852
2.270000 -1.116206 -0.094836 -0.005739 -0.050181 -0.072877 0.103083
2.280000 -1.116713 -0.095548 -0.004708 -0.051286 -0.069348 0.103273
2.290000 -1.117231 -0.096223 -0.003674 -0.052375 -0.065822 0.103424
2.300000 -1.117761 -0.096864 -0.002639 -0.053446 -0.062299 0.103536
2.310000 -1.118300 -0.097469 -0.001603 -0.054500 -0.058780 0.103611
2.320000 -1.118850 -0.098040 -0.000567 -0.055534 -0.055266 0.103648
2.330000 -1.119411 -0.098575 0.000469 -0.056547 -0.051757 0.103650
2.340000 -1.119981 -0.099075 0.001506 -0.057540 -0.048255 0.103617
2.350000 -1.120562 -0.099540 0.002542 -0.058510 -0.044760 0.103549
2.360000 -1.121151 -0.099970 0.003577 -0.059458 -0.041272 0.103448
2.370000 -1.121751 -0.100365 0.004610 -0.060382 -0.037792 0.103313
2.380000 -1.122359 -0.100726 0.005643 -0.061281 -0.034321 0.103147
2.390000 -1.122976 -0.101052 0.006673 -0.062155 -0.030859 0.102950
2.400000 -1.123602 -0.101343 0.007702 -0.063003 -0.027407 0.102722
2.410000 -1.124236 -0.101600 0.008728 -0.063825 -0.023966 0.102464
2.420000 -1.124878 -0.101822 0.009751 -0.064619 -0.020535 0.102176
2.430000 -1.125529 -0.102011 0.010771 -0.065385 -0.017116 0.101860
2.440000 -1.126186 -0.102165 0.011788 -0.066123 -0.013710 0.101517
2.450000 -1.126851 -0.102285 0.012801 -0.066832 -0.010316 0.101145
2.460000 -1.127523 -0.102371 0.013811 -0.067511 -0.006935 0.100747
2.470000 -1.128201 -0.102424 0.014816 -0.068160 -0.003568 0.100323
2.480000 -1.128886 -0.102443 0.015817 -0.068778 -0.000216 0.099874
2.490000 -1.129576 -0.102428 0.016814 -0.069366 0.003122 0.099399
2.500000 -1.130273 -0.102380 0.017805 -0.069922 0.006445 0.098900
2.510000 -1.130975 -0.102299 0.018791 -0.070446 0.009751 0.098376
2.520000 -1.131682 -0.102185 0.019773 -0.070937 0.013041 0.097830
2.530000 -1.132393 -0.102038 0.020748 -0.071396 0.016315 0.097260
2.540000 -1.133110 -0.101859 0.021718 -0.071823 0.019570 0.096668
2.550000 -1.133830 -0.101647 0.022681 -0.072216 0.022808 0.096054
2.560000 -1.134554 -0.101403 0.023639 -0.072575 0.026027 0.095418
2.570000 -1.135281 -0.101127 0.024590 -0.072901 0.029228 0.094762
2.580000 -1.136012 -0.100818 0.025534 -0.073193 0.032409 0.094084
2.590000 -1.136745 -0.100478 0.026471 -0.073451 0.035569 0.093386
2.600000 -1.137481 -0.100107 0.027401 -0.073674 0.038709 0.092669
2.610000 -1.138218 -0.099704 0.028324 -0.073863 0.041828 0.091932
2.620000 -1.138958 -0.099271 0.029240 -0.074017 0.044926 0.091176
2.630000 -1.139698 -0.098806 0.030148 -0.074136 0.048001 0.090401
2.640000 -1.140440 -0.098311 0.031048 -0.074221 0.051053 0.089608
2.650000 -1.141183 -0.097785 0.031940 -0.074270 0.054082 0.088797
2.660000 -1.141926 -0.097229 0.032824 -0.074284 0.057087 0.087969
2.670000 -1.142668 -0.096643 0.033699 -0.074264 0.060068 0.087123
2.680000 -1.143411 -0.096028 0.034566 -0.074208 0.063024 0.086261
2.690000 -1.144152 -0.095383 0.035425 -0.074117 0.065954 0.085382
2.700000 -1.144893 -0.094709 0.036274 -0.073991 0.068858 0.084486
2.710000 -1.145632 -0.094006 0.037114 -0.073830 0.071736 0.083575
2.720000 -1.146369 -0.093274 0.037945 -0.073634 0.074587 0.082648
2.730000 -1.147105 -0.092514 0.038767 -0.073403 0.077410 0.081706
2.740000 -1.147837 -0.091726 0.039579 -0.073137 0.080205 0.080749
2.750000 -1.148567 -0.090910 0.040382 -0.072836 0.082971 0.079777
2.760000 -1.149294 -0.090067 0.041175 -0.072501 0.085708 0.078791
2.770000 -1.150017 -0.089196 0.041958 -0.072131 0.088414 0.077791
2.780000 -1.150736 -0.088299 0.042731 -0.071727 0.091091 0.076777
2.790000 -1.151452 -0.087374 0.043493 -0.071289 0.093736 0.075750
2.800000 -1.152162 -0.086424 0.044246 -0.070817 0.096350 0.074709
2.810000 -1.152868 -0.085447 0.044987 -0.070312 0.098932 0.073655
2.820000 -1.153568 -0.084445 0.045719 -0.069772 0.101481 0.072588
2.830000 -1.154263 -0.083418 0.046439 -0.069200 0.103997 0.071509
2.840000 -1.154952 -0.082366 0.047149 -0.068594 0.106479 0.070418
2.850000 -1.155635 -0.081289 0.047848 -0.067956 0.108927 0.069315
2.860000 -1.156311 -0.080187 0.048535 -0.067286 0.111340 0.068200
2.870000 -1.156981 -0.079062 0.049211 -0.066583 0.113718 0.067073
2.880000 -1.157643 -0.077913 0.049877 -0.065848 0.116060 0.065936
2.890000 -1.158297 -0.076741 0.050530 -0.065082 0.118365 0.064787
2.900000 -1.158944 -0.075546 0.051172 -0.064285 0.120634 0.063628
2.910000 -1.159583 -0.074328 0.051803 -0.063458 0.122864 0.062458
2.920000 -1.160213 -0.073089 0.052421 -0.062599 0.125057 0.061277
2.930000 -1.160835 -0.071827 0.053028 -0.061711 0.127212 0.060087
2.940000 -1.161447 -0.070544 0.053623 -0.060794 0.129327 0.058887
2.950000 -1.162051 -0.069241 0.054206 -0.059847 0.131403 0.057677
2.960000 -1.162644 -0.067917 0.054777 -0.058872 0.133438 0.056458
2.970000 -1.163228 -0.066572 0.055335 -0.057868 0.135433 0.055230
2.980000 -1.163802 -0.065208 0.055881 -0.056837 0.137387 0.053993
2.990000 -1.164365 -0.063825 0.056415 -0.055778 0.139300 0.052747
3.000000 -1.164917 -0.062422 0.056936 -0.054693 0.141170 0.051493
3.010000 -1.165458 -0.061001 0.057445 -0.053582 0.142998 0.050231
3.020000 -1.165989 -0.059562 0.057941 -0.052444 0.144783 0.048960
3.030000 -1.166507 -0.058106 0.058424 -0.051282 0.146524 0.047682
3.040000 -1.167014 -0.056632 0.058894 -0.050095 0.148222 0.046396
3.050000 -1.167509 -0.055141 0.059352 -0.048884 0.149875 0.045103
3.060000 -1.167992 -0.053635 0.059796 -0.047649 0.151484 0.043803
3.070000 -1.168462 -0.052112 0.060228 -0.046392 0.153047 0.042496
3.080000 -1.168920 -0.050574 0.060646 -0.045112 0.154565 0.041182
3.090000 -1.169364 -0.049021 0.061051 -0.043811 0.156037 0.039862
3.100000 -1.169796 -0.047453 0.061443 -0.042488 0.157463 0.038535
3.110000 -1.170214 -0.045872 0.061822 -0.041145 0.158841 0.037202
3.120000 -1.170619 -0.044277 0.062187 -0.039782 0.160173 0.035864
3.130000 -1.171009 -0.042668 0.062539 -0.038400 0.161457 0.034520
3.140000 -1.171386 -0.041048 0.062878 -0.036999 0.162693 0.033170
3.150000 -1.171749 -0.039415 0.063203 -0.035581 0.163881 0.031815
3.160000 -1.172098 -0.037770 0.063514 -0.034145 0.165021 0.030456
3.170000 -1.172432 -0.036114 0.063812 -0.032693 0.166111 0.029091
3.180000 -1.172752 -0.034448 0.064096 -0.031225 0.167153 0.027722
3.190000 -1.173057 -0.032772 0.064366 -0.029742 0.168145 0.026349
3.200000 -1.173347 -0.031085 0.064623 -0.028245 0.169088 0.024972
3.210000 -1.173622 -0.029390 0.064866 -0.026734 0.169980 0.023591
3.220000 -1.173881 -0.027686 0.065095 -0.025210 0.170822 0.022206
3.230000 -1.174126 -0.025974 0.065310 -0.023674 0.171614 0.020817
3.240000 -1.174355 -0.024254 0.065511 -0.022127 0.172355 0.019426
3.250000 -1.174568 -0.022527 0.065698 -0.020569 0.173046 0.018031
3.260000 -1.174766 -0.020793 0.065872 -0.019000 0.173685 0.016634
3.270000 -1.174948 -0.019053 0.066031 -0.017423 0.174273 0.015234
3.280000 -1.175114 -0.017308 0.066176 -0.015837 0.174809 0.013832
3.290000 -1.175265 -0.015557 0.066308 -0.014244 0.175294 0.012427
3.300000 -1.175399 -0.013802 0.066425 -0.012643 0.175727 0.011021
3.310000 -1.175518 -0.012043 0.066528 -0.011037 0.176109 0.009613
3.320000 -1.175620 -0.010280 0.066617 -0.009425 0.176438 0.008203
3.330000 -1.175706 -0.008514 0.066692 -0.007809 0.176715 0.006793
3.340000 -1.175776 -0.006746 0.066753 -0.006189 0.176940 0.005381
3.350000 -1.175830 -0.004976 0.066800 -0.004566 0.177113 0.003968
3.360000 -1.175868 -0.003204 0.066832 -0.002940 0.177234 0.002555
3.370000 -1.175889 -0.001431 0.066851 -0.001313 0.177302 0.001141
