Time (s)	X (km)	Y (km)	Z (km)	vx (km)	vy (km)	vz (km)
0.000000	1.010619	0.000000	0.000088	0.000000	-0.004032	0.001982
0.031416	1.010617	-0.000127	0.000150	-0.000095	-0.004024	0.001968
0.062832	1.010613	-0.000253	0.000212	-0.000189	-0.004000	0.001946
0.094248	1.010605	-0.000378	0.000272	-0.000283	-0.003961	0.001917
0.125664	1.010595	-0.000501	0.000332	-0.000375	-0.003905	0.001881
0.157080	1.010582	-0.000623	0.000391	-0.000465	-0.003835	0.001839
0.188496	1.010566	-0.000742	0.000448	-0.000552	-0.003749	0.001790
0.219911	1.010547	-0.000858	0.000503	-0.000637	-0.003648	0.001735
0.251327	1.010526	-0.000971	0.000556	-0.000718	-0.003532	0.001674
0.282743	1.010502	-0.001080	0.000608	-0.000795	-0.003403	0.001607
0.314159	1.010476	-0.001185	0.000657	-0.000869	-0.003260	0.001535
0.345575	1.010447	-0.001285	0.000704	-0.000937	-0.003104	0.001458
0.376991	1.010417	-0.001380	0.000749	-0.001001	-0.002935	0.001376
0.408407	1.010385	-0.001469	0.000791	-0.001059	-0.002755	0.001290
0.439823	1.010350	-0.001553	0.000830	-0.001112	-0.002563	0.001200
0.471239	1.010315	-0.001630	0.000866	-0.001159	-0.002360	0.001105
0.502655	1.010278	-0.001701	0.000899	-0.001201	-0.002148	0.001007
0.534071	1.010239	-0.001765	0.000929	-0.001236	-0.001926	0.000906
0.565487	1.010200	-0.001822	0.000956	-0.001265	-0.001696	0.000802
0.596903	1.010160	-0.001871	0.000980	-0.001287	-0.001458	0.000696
0.628319	1.010119	-0.001913	0.001000	-0.001304	-0.001214	0.000587
0.659734	1.010078	-0.001948	0.001017	-0.001314	-0.000963	0.000476
0.691150	1.010037	-0.001974	0.001030	-0.001317	-0.000708	0.000364
0.722566	1.009995	-0.001992	0.001040	-0.001315	-0.000449	0.000250
0.753982	1.009954	-0.002002	0.001046	-0.001307	-0.000186	0.000136
0.785398	1.009913	-0.002004	0.001048	-0.001292	0.000078	0.000022
0.816814	1.009873	-0.001997	0.001047	-0.001273	0.000344	-0.000093
0.848230	1.009833	-0.001982	0.001042	-0.001248	0.000609	-0.000208
0.879646	1.009795	-0.001959	0.001034	-0.001218	0.000874	-0.000321
0.911062	1.009757	-0.001927	0.001022	-0.001183	0.001136	-0.000434
0.942478	1.009720	-0.001887	0.001007	-0.001144	0.001395	-0.000545
0.973894	1.009685	-0.001840	0.000988	-0.001100	0.001649	-0.000655
1.005310	1.009651	-0.001784	0.000966	-0.001054	0.001898	-0.000762
1.036726	1.009619	-0.001720	0.000940	-0.001003	0.002140	-0.000867
1.068142	1.009588	-0.001650	0.000911	-0.000950	0.002374	-0.000970
1.099557	1.009559	-0.001571	0.000879	-0.000894	0.002599	-0.001069
1.130973	1.009532	-0.001486	0.000844	-0.000836	0.002813	-0.001165
1.162389	1.009507	-0.001395	0.000806	-0.000775	0.003016	-0.001257
1.193805	1.009484	-0.001297	0.000765	-0.000713	0.003207	-0.001344
1.225221	1.009462	-0.001193	0.000721	-0.000649	0.003385	-0.001428
1.256637	1.009443	-0.001084	0.000675	-0.000585	0.003548	-0.001507
1.288053	1.009425	-0.000971	0.000627	-0.000519	0.003695	-0.001581
1.319469	1.009410	-0.000852	0.000576	-0.000452	0.003826	-0.001649
1.350885	1.009397	-0.000730	0.000523	-0.000385	0.003941	-0.001712
1.382301	1.009386	-0.000605	0.000469	-0.000317	0.004038	-0.001770
1.413717	1.009377	-0.000477	0.000412	-0.000248	0.004116	-0.001821
1.445133	1.009370	-0.000347	0.000354	-0.000180	0.004176	-0.001866
1.476549	1.009366	-0.000215	0.000295	-0.000111	0.004217	-0.001904
1.507964	1.009363	-0.000082	0.000235	-0.000042	0.004239	-0.001936
1.539380	1.009363	0.000051	0.000173	0.000027	0.004241	-0.001960
1.570796	1.009365	0.000184	0.000112	0.000095	0.004224	-0.001978
1.602212	1.009369	0.000317	0.000049	0.000164	0.004187	-0.001988
1.633628	1.009375	0.000447	-0.000013	0.000233	0.004132	-0.001990
1.665044	1.009384	0.000576	-0.000076	0.000301	0.004057	-0.001985
1.696460	1.009394	0.000702	-0.000138	0.000369	0.003965	-0.001972
1.727876	1.009407	0.000825	-0.000200	0.000437	0.003854	-0.001951
1.759292	1.009422	0.000944	-0.000260	0.000504	0.003727	-0.001922
1.790708	1.009439	0.001059	-0.000320	0.000570	0.003583	-0.001885
1.822124	1.009457	0.001169	-0.000379	0.000635	0.003423	-0.001840
1.853540	1.009478	0.001274	-0.000436	0.000699	0.003249	-0.001787
1.884956	1.009501	0.001373	-0.000491	0.000761	0.003061	-0.001726
1.916372	1.009526	0.001466	-0.000544	0.000822	0.002861	-0.001657
1.947787	1.009553	0.001553	-0.000595	0.000881	0.002649	-0.001581
1.979203	1.009582	0.001632	-0.000643	0.000937	0.002426	-0.001498
2.010619	1.009612	0.001705	-0.000689	0.000991	0.002194	-0.001408
2.042035	1.009644	0.001770	-0.000732	0.001042	0.001954	-0.001311
2.073451	1.009677	0.001828	-0.000771	0.001090	0.001706	-0.001207
2.104867	1.009712	0.001877	-0.000808	0.001134	0.001453	-0.001098
2.136283	1.009749	0.001919	-0.000840	0.001174	0.001195	-0.000983
2.167699	1.009786	0.001952	-0.000869	0.001210	0.000934	-0.000864
2.199115	1.009825	0.001978	-0.000894	0.001241	0.000670	-0.000740
2.230531	1.009864	0.001994	-0.000916	0.001267	0.000404	-0.000612
2.261947	1.009904	0.002003	-0.000933	0.001288	0.000139	-0.000481
2.293363	1.009945	0.002003	-0.000946	0.001304	-0.000126	-0.000348
2.324779	1.009986	0.001995	-0.000955	0.001314	-0.000389	-0.000213
2.356194	1.010027	0.001979	-0.000959	0.001317	-0.000649	-0.000077
2.387610	1.010069	0.001954	-0.000960	0.001315	-0.000905	0.000060
2.419026	1.010110	0.001922	-0.000956	0.001306	-0.001157	0.000196
2.450442	1.010151	0.001882	-0.000947	0.001292	-0.001403	0.000331
2.481858	1.010191	0.001834	-0.000935	0.001270	-0.001642	0.000464
2.513274	1.010230	0.001779	-0.000918	0.001243	-0.001874	0.000596
2.544690	1.010269	0.001716	-0.000897	0.001209	-0.002098	0.000724
2.576106	1.010306	0.001647	-0.000873	0.001169	-0.002312	0.000848
2.607522	1.010342	0.001571	-0.000844	0.001124	-0.002517	0.000968
2.638938	1.010377	0.001489	-0.000812	0.001072	-0.002712	0.001084
2.670354	1.010410	0.001401	-0.000776	0.001015	-0.002895	0.001194
2.701770	1.010441	0.001307	-0.000737	0.000952	-0.003066	0.001298
2.733186	1.010469	0.001208	-0.000695	0.000885	-0.003226	0.001396
2.764602	1.010496	0.001104	-0.000649	0.000812	-0.003372	0.001487
2.796017	1.010520	0.000996	-0.000601	0.000736	-0.003504	0.001571
2.827433	1.010542	0.000884	-0.000551	0.000656	-0.003623	0.001648
2.858849	1.010562	0.000769	-0.000498	0.000572	-0.003727	0.001718
2.890265	1.010578	0.000650	-0.000443	0.000485	-0.003816	0.001779
2.921681	1.010592	0.000529	-0.000386	0.000396	-0.003891	0.001833
2.953097	1.010603	0.000406	-0.000328	0.000304	-0.003949	0.001879
2.984513	1.010611	0.000281	-0.000268	0.000211	-0.003993	0.001917
3.015929	1.010616	0.000155	-0.000207	0.000117	-0.004020	0.001947
3.047345	1.010618	0.000029	-0.000146	0.000022	-0.004032	0.001969
3.078761	1.010618	-0.000098	-0.000084	-0.000073	-0.004027	0.001984
3.110177	1.010614	-0.000224	-0.000021	-0.000168	-0.004007	0.001990
3.141593	1.010607	-0.000349	0.000041	-0.000262	-0.003971	0.001988
3.173009	1.010597	-0.000473	0.000104	-0.000354	-0.003919	0.001979
3.204425	1.010585	-0.000595	0.000166	-0.000444	-0.003852	0.001963
3.235840	1.010570	-0.000715	0.000227	-0.000532	-0.003770	0.001939
3.267256	1.010551	-0.000832	0.000287	-0.000618	-0.003672	0.001909
3.298672	1.010531	-0.000946	0.000347	-0.000700	-0.003560	0.001871
3.330088	1.010508	-0.001056	0.000405	-0.000778	-0.003434	0.001827
3.361504	1.010482	-0.001161	0.000461	-0.000852	-0.003294	0.001777
3.392920	1.010454	-0.001262	0.000516	-0.000922	-0.003141	0.001720
3.424336	1.010424	-0.001359	0.000569	-0.000987	-0.002975	0.001658
3.455752	1.010392	-0.001449	0.000620	-0.001046	-0.002797	0.001590
3.487168	1.010358	-0.001534	0.000669	-0.001101	-0.002607	0.001517
3.518584	1.010323	-0.001613	0.000716	-0.001149	-0.002407	0.001438
3.550000	1.010286	-0.001685	0.000760	-0.001192	-0.002197	0.001355
3.581416	1.010248	-0.001751	0.000801	-0.001228	-0.001977	0.001268
3.612832	1.010209	-0.001809	0.000839	-0.001259	-0.001749	0.001177
3.644247	1.010169	-0.001861	0.000875	-0.001283	-0.001513	0.001081
3.675663	1.010129	-0.001904	0.000907	-0.001300	-0.001270	0.000983
3.707079	1.010088	-0.001940	0.000936	-0.001312	-0.001021	0.000881
3.738495	1.010046	-0.001969	0.000962	-0.001317	-0.000767	0.000776
3.769911	1.010005	-0.001989	0.000985	-0.001316	-0.000508	0.000669
3.801327	1.009964	-0.002000	0.001004	-0.001309	-0.000246	0.000559
3.832743	1.009923	-0.002004	0.001020	-0.001296	0.000018	0.000448
3.864159	1.009882	-0.001999	0.001033	-0.001278	0.000283	0.000336
3.895575	1.009842	-0.001986	0.001041	-0.001254	0.000549	0.000222
3.926991	1.009803	-0.001965	0.001047	-0.001225	0.000814	0.000108
3.958407	1.009766	-0.001935	0.001048	-0.001191	0.001076	-0.000007
3.989823	1.009729	-0.001897	0.001046	-0.001153	0.001336	-0.000122
4.021239	1.009693	-0.001851	0.001040	-0.001111	0.001592	-0.000236
4.052655	1.009659	-0.001797	0.001031	-0.001065	0.001842	-0.000349
4.084070	1.009626	-0.001736	0.001019	-0.001015	0.002085	-0.000462
4.115486	1.009595	-0.001666	0.001002	-0.000962	0.002321	-0.000573
4.146902	1.009566	-0.001590	0.000983	-0.000907	0.002548	-0.000682
4.178318	1.009538	-0.001506	0.000959	-0.000849	0.002765	-0.000789
4.209734	1.009513	-0.001416	0.000933	-0.000789	0.002971	-0.000893
4.241150	1.009489	-0.001320	0.000903	-0.000727	0.003165	-0.000995
4.272566	1.009467	-0.001218	0.000871	-0.000664	0.003345	-0.001093
4.303982	1.009447	-0.001110	0.000835	-0.000599	0.003512	-0.001188
4.335398	1.009429	-0.000997	0.000796	-0.000534	0.003663	-0.001279
4.366814	1.009413	-0.000880	0.000754	-0.000467	0.003798	-0.001366
4.398230	1.009400	-0.000759	0.000710	-0.000400	0.003916	-0.001448
4.429646	1.009388	-0.000634	0.000664	-0.000332	0.004017	-0.001526
4.461062	1.009379	-0.000506	0.000614	-0.000264	0.004100	-0.001598
4.492477	1.009372	-0.000377	0.000563	-0.000196	0.004164	-0.001665
4.523893	1.009367	-0.000245	0.000510	-0.000127	0.004209	-0.001727
4.555309	1.009364	-0.000112	0.000455	-0.000058	0.004235	-0.001783
4.586725	1.009363	0.000021	0.000398	0.000011	0.004242	-0.001833
4.618141	1.009364	0.000154	0.000340	0.000080	0.004229	-0.001876
4.649557	1.009368	0.000287	0.000280	0.000149	0.004197	-0.001913
4.680973	1.009374	0.000418	0.000220	0.000217	0.004146	-0.001943
4.712389	1.009382	0.000547	0.000158	0.000286	0.004076	-0.001965
4.743805	1.009392	0.000674	0.000096	0.000354	0.003987	-0.001981
4.775221	1.009404	0.000797	0.000034	0.000421	0.003881	-0.001989
4.806637	1.009418	0.000917	-0.000029	0.000488	0.003757	-0.001990
4.838053	1.009435	0.001033	-0.000091	0.000555	0.003617	-0.001982
4.869469	1.009453	0.001144	-0.000153	0.000620	0.003461	-0.001967
4.900885	1.009473	0.001250	-0.000215	0.000684	0.003290	-0.001944
4.932300	1.009496	0.001351	-0.000275	0.000747	0.003105	-0.001913
4.963716	1.009520	0.001445	-0.000335	0.000808	0.002907	-0.001874
4.995132	1.009547	0.001533	-0.000393	0.000868	0.002698	-0.001827
5.026548	1.009575	0.001615	-0.000450	0.000925	0.002478	-0.001772
5.057964	1.009605	0.001689	-0.000504	0.000979	0.002248	-0.001710
5.089380	1.009636	0.001756	-0.000557	0.001031	0.002009	-0.001639
5.120796	1.009670	0.001815	-0.000607	0.001079	0.001763	-0.001561
5.152212	1.009704	0.001867	-0.000655	0.001124	0.001512	-0.001476
5.183628	1.009740	0.001910	-0.000700	0.001165	0.001255	-0.001384
5.215044	1.009777	0.001945	-0.000742	0.001202	0.000994	-0.001286
5.246460	1.009816	0.001972	-0.000781	0.001235	0.000730	-0.001181
5.277876	1.009855	0.001991	-0.000816	0.001262	0.000465	-0.001070
5.309292	1.009895	0.002002	-0.000848	0.001284	0.000199	-0.000954
5.340708	1.009936	0.002004	-0.000876	0.001301	-0.000066	-0.000833
5.372123	1.009977	0.001998	-0.000900	0.001312	-0.000329	-0.000708
5.403539	1.010018	0.001983	-0.000920	0.001317	-0.000590	-0.000580
5.434955	1.010059	0.001961	-0.000936	0.001316	-0.000847	-0.000449
5.466371	1.010100	0.001930	-0.000948	0.001309	-0.001100	-0.000315
5.497787	1.010141	0.001892	-0.000956	0.001296	-0.001347	-0.000179
5.529203	1.010182	0.001845	-0.000960	0.001276	-0.001588	-0.000043
5.560619	1.010222	0.001792	-0.000959	0.001250	-0.001822	0.000093
5.592035	1.010260	0.001731	-0.000954	0.001218	-0.002047	0.000229
5.623451	1.010298	0.001663	-0.000945	0.001179	-0.002264	0.000364
5.654867	1.010334	0.001589	-0.000931	0.001135	-0.002471	0.000497
5.686283	1.010369	0.001508	-0.000913	0.001084	-0.002668	0.000628
5.717699	1.010402	0.001421	-0.000892	0.001028	-0.002854	0.000755
5.749115	1.010434	0.001329	-0.000866	0.000967	-0.003028	0.000878
5.780530	1.010463	0.001231	-0.000836	0.000900	-0.003190	0.000997
5.811946	1.010490	0.001129	-0.000803	0.000829	-0.003339	0.001111
5.843362	1.010515	0.001021	-0.000767	0.000754	-0.003475	0.001220
5.874778	1.010538	0.000910	-0.000727	0.000674	-0.003597	0.001323
5.906194	1.010557	0.000796	-0.000684	0.000591	-0.003704	0.001419
5.937610	1.010575	0.000678	-0.000638	0.000505	-0.003797	0.001508
5.969026	1.010589	0.000557	-0.000589	0.000416	-0.003875	0.001591
6.000442	1.010601	0.000434	-0.000538	0.000325	-0.003937	0.001666
6.031858	1.010610	0.000310	-0.000484	0.000232	-0.003984	0.001734
6.063274	1.010615	0.000184	-0.000429	0.000138	-0.004015	0.001794
6.094690	1.010618	0.000058	-0.000372	0.000043	-0.004030	0.001846
6.126106	1.010618	-0.000069	-0.000313	-0.000052	-0.004030	0.001890
6.157522	1.010615	-0.000195	-0.000253	-0.000146	-0.004013	0.001926
6.188938	1.010609	-0.000321	-0.000192	-0.000240	-0.003981	0.001954
6.220353	1.010600	-0.000445	-0.000130	-0.000333	-0.003932	0.001974
6.251769	1.010588	-0.000568	-0.000068	-0.000424	-0.003869	0.001986
6.283185	1.010573	-0.000688	-0.000006	-0.000513	-0.003790	0.001990
6.314601	1.010556	-0.000806	0.000057	-0.000599	-0.003696	0.001987
6.346017	1.010536	-0.000920	0.000119	-0.000681	-0.003587	0.001976
6.377433	1.010513	-0.001031	0.000181	-0.000761	-0.003464	0.001958
6.408849	1.010488	-0.001138	0.000242	-0.000836	-0.003327	0.001932
6.440265	1.010461	-0.001240	0.000302	-0.000906	-0.003177	0.001900
6.471681	1.010431	-0.001337	0.000361	-0.000972	-0.003014	0.001861
6.503097	1.010400	-0.001429	0.000419	-0.001033	-0.002839	0.001815
6.534513	1.010366	-0.001515	0.000475	-0.001089	-0.002652	0.001763
6.565929	1.010331	-0.001596	0.000530	-0.001139	-0.002454	0.001705
6.597345	1.010295	-0.001669	0.000582	-0.001183	-0.002246	0.001641
6.628760	1.010257	-0.001737	0.000633	-0.001221	-0.002028	0.001572
6.660176	1.010218	-0.001797	0.000681	-0.001252	-0.001802	0.001498
6.691592	1.010178	-0.001850	0.000727	-0.001278	-0.001568	0.001418
6.723008	1.010138	-0.001895	0.000770	-0.001297	-0.001326	0.001334
6.754424	1.010097	-0.001933	0.000811	-0.001310	-0.001078	0.001246
6.785840	1.010056	-0.001963	0.000848	-0.001316	-0.000825	0.001153
6.817256	1.010014	-0.001985	0.000883	-0.001317	-0.000567	0.001057
6.848672	1.009973	-0.001998	0.000915	-0.001311	-0.000306	0.000958
6.880088	1.009932	-0.002004	0.000943	-0.001300	-0.000043	0.000855
6.911504	1.009891	-0.002001	0.000968	-0.001282	0.000223	0.000750
6.942920	1.009851	-0.001990	0.000990	-0.001260	0.000488	0.000642
6.974336	1.009812	-0.001970	0.001009	-0.001232	0.000753	0.000532
7.005752	1.009774	-0.001943	0.001024	-0.001199	0.001017	0.000420
7.037168	1.009737	-0.001907	0.001035	-0.001162	0.001277	0.000308
7.068583	1.009701	-0.001862	0.001043	-0.001121	0.001534	0.000194
7.099999	1.009667	-0.001810	0.001047	-0.001075	0.001785	0.000079
7.131415	1.009634	-0.001750	0.001048	-0.001027	0.002030	-0.000035
7.162831	1.009602	-0.001683	0.001045	-0.000975	0.002268	-0.000150
7.194247	1.009572	-0.001608	0.001039	-0.000920	0.002497	-0.000264
7.225663	1.009544	-0.001526	0.001028	-0.000862	0.002717	-0.000377
7.257079	1.009518	-0.001437	0.001015	-0.000803	0.002925	-0.000489
7.288495	1.009494	-0.001342	0.000998	-0.000742	0.003122	-0.000600
7.319911	1.009472	-0.001241	0.000977	-0.000679	0.003305	-0.000708
7.351327	1.009451	-0.001135	0.000953	-0.000614	0.003475	-0.000815
7.382743	1.009433	-0.001023	0.000926	-0.000549	0.003630	-0.000919
7.414159	1.009417	-0.000907	0.000896	-0.000483	0.003769	-0.001019
7.445575	1.009403	-0.000787	0.000862	-0.000415	0.003891	-0.001117
7.476991	1.009391	-0.000663	0.000825	-0.000348	0.003996	-0.001211
7.508406	1.009381	-0.000536	0.000786	-0.000280	0.004083	-0.001301
7.539822	1.009373	-0.000406	0.000744	-0.000211	0.004151	-0.001386
7.571238	1.009368	-0.000275	0.000699	-0.000143	0.004201	-0.001468
7.602654	1.009364	-0.000143	0.000652	-0.000074	0.004231	-0.001544
7.634070	1.009363	-0.000009	0.000602	-0.000005	0.004242	-0.001615
7.665486	1.009364	0.000124	0.000550	0.000064	0.004234	-0.001681
7.696902	1.009367	0.000256	0.000496	0.000133	0.004206	-0.001742
7.728318	1.009372	0.000388	0.000441	0.000202	0.004159	-0.001796
7.759734	1.009380	0.000518	0.000384	0.000270	0.004093	-0.001844
7.791150	1.009389	0.000645	0.000325	0.000338	0.004009	-0.001886
7.822566	1.009401	0.000769	0.000265	0.000406	0.003907	-0.001921
7.853982	1.009415	0.000890	0.000204	0.000473	0.003787	-0.001949
7.885398	1.009431	0.001007	0.000143	0.000540	0.003650	-0.001970
7.916813	1.009449	0.001119	0.000081	0.000605	0.003498	-0.001984
7.948229	1.009469	0.001227	0.000018	0.000670	0.003330	-0.001990
7.979645	1.009491	0.001328	-0.000044	0.000733	0.003149	-0.001988
8.011061	1.009515	0.001424	-0.000107	0.000794	0.002954	-0.001979
8.042477	1.009541	0.001514	-0.000169	0.000854	0.002747	-0.001962
8.073893	1.009568	0.001597	-0.000230	0.000912	0.002529	-0.001937
8.105309	1.009598	0.001673	-0.000290	0.000967	0.002301	-0.001904
8.136725	1.009629	0.001741	-0.000349	0.001019	0.002064	-0.001863
8.168141	1.009662	0.001802	-0.000407	0.001069	0.001820	-0.001814
8.199557	1.009696	0.001856	-0.000463	0.001114	0.001570	-0.001758
8.230973	1.009732	0.001901	-0.000518	0.001156	0.001314	-0.001693
8.262389	1.009769	0.001938	-0.000570	0.001194	0.001054	-0.001621
8.293805	1.009807	0.001967	-0.000619	0.001228	0.000791	-0.001541
8.325221	1.009846	0.001988	-0.000666	0.001256	0.000526	-0.001454
8.356636	1.009886	0.002000	-0.000711	0.001280	0.000260	-0.001360
8.388052	1.009926	0.002004	-0.000752	0.001298	-0.000005	-0.001260
8.419468	1.009967	0.002000	-0.000790	0.001310	-0.000269	-0.001154
8.450884	1.010008	0.001987	-0.000824	0.001316	-0.000531	-0.001042
8.482300	1.010050	0.001966	-0.000855	0.001317	-0.000789	-0.000924
8.513716	1.010091	0.001938	-0.000882	0.001311	-0.001043	-0.000803
8.545132	1.010132	0.001901	-0.000905	0.001299	-0.001291	-0.000677
8.576548	1.010173	0.001857	-0.000925	0.001281	-0.001534	-0.000548
8.607964	1.010213	0.001805	-0.000940	0.001256	-0.001769	-0.000416
8.639380	1.010252	0.001745	-0.000951	0.001225	-0.001997	-0.000281
8.670796	1.010289	0.001679	-0.000958	0.001188	-0.002216	-0.000146
8.702212	1.010326	0.001606	-0.000960	0.001145	-0.002425	-0.000009
8.733628	1.010361	0.001527	-0.000958	0.001096	-0.002624	0.000127
8.765044	1.010395	0.001442	-0.000952	0.001041	-0.002813	0.000263
8.796459	1.010427	0.001350	-0.000942	0.000981	-0.002990	0.000397
8.827875	1.010457	0.001254	-0.000927	0.000916	-0.003154	0.000530
8.859291	1.010484	0.001152	-0.000908	0.000846	-0.003307	0.000660
8.890707	1.010510	0.001046	-0.000886	0.000771	-0.003445	0.000786
8.922123	1.010533	0.000936	-0.000859	0.000693	-0.003570	0.000908
8.953539	1.010553	0.000822	-0.000829	0.000610	-0.003681	0.001026
8.984955	1.010571	0.000705	-0.000795	0.000525	-0.003777	0.001139
9.016371	1.010586	0.000585	-0.000757	0.000437	-0.003858	0.001246
9.047787	1.010598	0.000463	-0.000716	0.000346	-0.003924	0.001347
9.079203	1.010608	0.000338	-0.000673	0.000254	-0.003975	0.001442
9.110619	1.010614	0.000213	-0.000626	0.000160	-0.004010	0.001530
9.142035	1.010618	0.000087	-0.000576	0.000065	-0.004028	0.001610
9.173451	1.010618	-0.000040	-0.000525	-0.000030	-0.004031	0.001684
9.204866	1.010616	-0.000166	-0.000471	-0.000125	-0.004018	0.001749
9.236282	1.010611	-0.000292	-0.000415	-0.000219	-0.003989	0.001807
9.267698	1.010602	-0.000417	-0.000357	-0.000312	-0.003945	0.001857
9.299114	1.010591	-0.000540	-0.000298	-0.000403	-0.003885	0.001899
9.330530	1.010577	-0.000661	-0.000238	-0.000493	-0.003809	0.001933
9.361946	1.010560	-0.000779	-0.000177	-0.000579	-0.003718	0.001959
9.393362	1.010541	-0.000894	-0.000115	-0.000663	-0.003613	0.001977
9.424778	1.010518	-0.001006	-0.000053	-0.000743	-0.003493	0.001988
9.456194	1.010494	-0.001114	0.000010	-0.000819	-0.003359	0.001990
9.487610	1.010467	-0.001217	0.000072	-0.000891	-0.003212	0.001985
9.519026	1.010438	-0.001315	0.000134	-0.000958	-0.003052	0.001972
9.550442	1.010407	-0.001409	0.000196	-0.001020	-0.002880	0.001952
9.581858	1.010374	-0.001496	0.000257	-0.001077	-0.002695	0.001925
9.613274	1.010339	-0.001578	0.000317	-0.001128	-0.002500	0.001891
9.644689	1.010303	-0.001653	0.000376	-0.001173	-0.002294	0.001850
9.676105	1.010266	-0.001722	0.000433	-0.001212	-0.002079	0.001803
9.707521	1.010227	-0.001784	0.000489	-0.001246	-0.001854	0.001749
9.738937	1.010187	-0.001838	0.000543	-0.001273	-0.001622	0.001690
9.770353	1.010147	-0.001885	0.000595	-0.001293	-0.001382	0.001625
9.801769	1.010106	-0.001925	0.000645	-0.001307	-0.001135	0.001554
9.833185	1.010065	-0.001957	0.000693	-0.001315	-0.000883	0.001478
9.864601	1.010024	-0.001980	0.000738	-0.001317	-0.000627	0.001398
9.896017	1.009982	-0.001996	0.000780	-0.001313	-0.000366	0.001313
9.927433	1.009941	-0.002003	0.000820	-0.001303	-0.000103	0.001223
9.958849	1.009901	-0.002003	0.000857	-0.001287	0.000162	0.001130
9.990265	1.009860	-0.001993	0.000891	-0.001265	0.000428	0.001033
10.021681	1.009821	-0.001976	0.000922	-0.001239	0.000693	0.000932
10.053096	1.009783	-0.001950	0.000950	-0.001207	0.000957	0.000829
10.084512	1.009745	-0.001916	0.000974	-0.001171	0.001218	0.000723
10.115928	1.009709	-0.001873	0.000995	-0.001130	0.001475	0.000615
10.147344	1.009674	-0.001823	0.001013	-0.001086	0.001728	0.000504
10.178760	1.009641	-0.001765	0.001027	-0.001038	0.001975	0.000393
10.210176	1.009609	-0.001699	0.001037	-0.000987	0.002214	0.000279
10.241592	1.009579	-0.001626	0.001044	-0.000933	0.002446	0.000165
10.273008	1.009551	-0.001545	0.001048	-0.000876	0.002667	0.000051
10.304424	1.009524	-0.001458	0.001048	-0.000817	0.002879	-0.000064
10.335840	1.009499	-0.001365	0.001044	-0.000756	0.003078	-0.000178
10.367256	1.009477	-0.001265	0.001036	-0.000693	0.003265	-0.000292
10.398672	1.009456	-0.001160	0.001025	-0.000629	0.003438	-0.000405
10.430088	1.009437	-0.001049	0.001011	-0.000564	0.003596	-0.000517
10.461504	1.009420	-0.000934	0.000993	-0.000498	0.003738	-0.000627
10.492919	1.009406	-0.000814	0.000972	-0.000431	0.003864	-0.000735
10.524335	1.009393	-0.000691	0.000947	-0.000363	0.003973	-0.000841
10.555751	1.009383	-0.000565	0.000919	-0.000295	0.004064	-0.000944
10.587167	1.009375	-0.000436	0.000888	-0.000227	0.004137	-0.001044
10.618583	1.009369	-0.000305	0.000853	-0.000158	0.004191	-0.001140
10.649999	1.009365	-0.000173	0.000816	-0.000089	0.004226	-0.001233
10.681415	1.009363	-0.000040	0.000776	-0.000021	0.004242	-0.001322
10.712831	1.009364	0.000093	0.000733	0.000048	0.004238	-0.001407
10.744247	1.009366	0.000226	0.000687	0.000117	0.004214	-0.001487
10.775663	1.009371	0.000358	0.000639	0.000186	0.004172	-0.001562
10.807079	1.009378	0.000488	0.000589	0.000254	0.004110	-0.001632
10.838495	1.009387	0.000616	0.000537	0.000323	0.004030	-0.001697
10.869911	1.009398	0.000741	0.000483	0.000390	0.003932	-0.001756
10.901327	1.009411	0.000863	0.000427	0.000458	0.003816	-0.001808
10.932742	1.009427	0.000981	0.000369	0.000524	0.003683	-0.001855
10.964158	1.009444	0.001094	0.000310	0.000590	0.003534	-0.001895
10.995574	1.009464	0.001203	0.000250	0.000655	0.003370	-0.001928
11.026990	1.009485	0.001306	0.000189	0.000719	0.003191	-0.001955
11.058406	1.009509	0.001403	0.000127	0.000781	0.002999	-0.001974
11.089822	1.009534	0.001494	0.000065	0.000841	0.002795	-0.001986
11.121238	1.009562	0.001578	0.000003	0.000899	0.002579	-0.001990
11.152654	1.009591	0.001656	-0.000060	0.000955	0.002354	-0.001987
11.184070	1.009622	0.001726	-0.000122	0.001008	0.002119	-0.001976
11.215486	1.009654	0.001789	-0.000184	0.001058	0.001877	-0.001957
11.246902	1.009688	0.001844	-0.000245	0.001104	0.001627	-0.001930
11.278318	1.009724	0.001891	-0.000305	0.001147	0.001372	-0.001895
11.309734	1.009760	0.001930	-0.000364	0.001186	0.001113	-0.001852
11.341149	1.009798	0.001961	-0.000421	0.001220	0.000851	-0.001801
11.372565	1.009837	0.001984	-0.000477	0.001250	0.000586	-0.001742
11.403981	1.009877	0.001998	-0.000531	0.001275	0.000321	-0.001676
11.435397	1.009917	0.002004	-0.000582	0.001294	0.000055	-0.001602
11.466813	1.009958	0.002001	-0.000631	0.001308	-0.000209	-0.001520
11.498229	1.009999	0.001991	-0.000678	0.001315	-0.000471	-0.001431
11.529645	1.010040	0.001972	-0.000721	0.001317	-0.000730	-0.001336
11.561061	1.010082	0.001945	-0.000761	0.001313	-0.000985	-0.001234
11.592477	1.010123	0.001910	-0.000799	0.001302	-0.001235	-0.001126
11.623893	1.010163	0.001867	-0.000832	0.001286	-0.001479	-0.001013
11.655309	1.010204	0.001817	-0.000862	0.001262	-0.001716	-0.000895
11.686725	1.010243	0.001760	-0.000888	0.001233	-0.001946	-0.000772
11.718141	1.010281	0.001695	-0.000911	0.001197	-0.002166	-0.000645
11.749557	1.010318	0.001624	-0.000929	0.001156	-0.002378	-0.000515
11.780972	1.010353	0.001546	-0.000943	0.001108	-0.002580	-0.000382
11.812388	1.010387	0.001462	-0.000953	0.001054	-0.002771	-0.000248
11.843804	1.010420	0.001372	-0.000959	0.000996	-0.002950	-0.000112
11.875220	1.010450	0.001276	-0.000960	0.000931	-0.003118	0.000025
11.906636	1.010478	0.001176	-0.000957	0.000862	-0.003273	0.000161
11.938052	1.010504	0.001071	-0.000950	0.000789	-0.003415	0.000297
11.969468	1.010528	0.000962	-0.000938	0.000711	-0.003543	0.000431
12.000884	1.010549	0.000848	-0.000923	0.000630	-0.003657	0.000562
12.032300	1.010567	0.000732	-0.000903	0.000545	-0.003757	0.000691
12.063716	1.010583	0.000613	-0.000879	0.000457	-0.003841	0.000817
12.095132	1.010596	0.000491	-0.000852	0.000367	-0.003911	0.000938
12.126548	1.010606	0.000367	-0.000820	0.000275	-0.003965	0.001055
12.157964	1.010613	0.000242	-0.000786	0.000181	-0.004003	0.001166
12.189379	1.010617	0.000116	-0.000747	0.000087	-0.004025	0.001272
12.220795	1.010619	-0.000011	-0.000706	-0.000008	-0.004032	0.001371
12.252211	1.010617	-0.000138	-0.000661	-0.000103	-0.004023	0.001464
12.283627	1.010612	-0.000264	-0.000614	-0.000198	-0.003997	0.001550
12.315043	1.010604	-0.000389	-0.000564	-0.000291	-0.003956	0.001629
12.346459	1.010594	-0.000512	-0.000512	-0.000383	-0.003900	0.001701
12.377875	1.010580	-0.000633	-0.000457	-0.000472	-0.003828	0.001764
12.409291	1.010564	-0.000752	-0.000401	-0.000560	-0.003740	0.001820
12.440707	1.010545	-0.000868	-0.000343	-0.000644	-0.003638	0.001868
12.472123	1.010524	-0.000981	-0.000283	-0.000725	-0.003522	0.001908
12.503539	1.010500	-0.001089	-0.000223	-0.000802	-0.003391	0.001941
12.534955	1.010473	-0.001194	-0.000162	-0.000875	-0.003247	0.001965
12.566371	1.010445	-0.001293	-0.000100	-0.000943	-0.003090	0.001981
12.597787	1.010414	-0.001388	-0.000037	-0.001006	-0.002920	0.001989
12.629202	1.010382	-0.001477	0.000025	-0.001064	-0.002738	0.001990
12.660618	1.010347	-0.001560	0.000088	-0.001117	-0.002546	0.001982
12.692034	1.010312	-0.001636	0.000150	-0.001163	-0.002342	0.001968
12.723450	1.010274	-0.001707	0.000211	-0.001204	-0.002129	0.001946
12.754866	1.010236	-0.001770	0.000272	-0.001239	-0.001906	0.001917
12.786282	1.010197	-0.001826	0.000332	-0.001267	-0.001675	0.001881
12.817698	1.010156	-0.001875	0.000390	-0.001289	-0.001437	0.001839
12.849114	1.010116	-0.001917	0.000447	-0.001305	-0.001192	0.001790
12.880530	1.010075	-0.001950	0.000503	-0.001314	-0.000941	0.001735
12.911946	1.010033	-0.001976	0.000556	-0.001317	-0.000686	0.001674
12.943362	1.009992	-0.001993	0.000608	-0.001314	-0.000426	0.001608
12.974778	1.009951	-0.002002	0.000657	-0.001306	-0.000163	0.001536
13.006194	1.009910	-0.002003	0.000704	-0.001291	0.000101	0.001459
13.037610	1.009870	-0.001996	0.000749	-0.001271	0.000367	0.001377
13.069025	1.009830	-0.001980	0.000791	-0.001245	0.000632	0.001291
13.100441	1.009791	-0.001956	0.000830	-0.001215	0.000897	0.001200
13.131857	1.009754	-0.001924	0.000866	-0.001180	0.001159	0.001106
13.163273	1.009717	-0.001884	0.000899	-0.001140	0.001417	0.001008
13.194689	1.009682	-0.001835	0.000929	-0.001097	0.001671	0.000907
13.226105	1.009648	-0.001779	0.000956	-0.001049	0.001919	0.000803
13.257521	1.009616	-0.001715	0.000980	-0.000999	0.002160	0.000696
13.288937	1.009586	-0.001643	0.001000	-0.000945	0.002394	0.000587
13.320353	1.009557	-0.001564	0.001017	-0.000889	0.002618	0.000477
13.351769	1.009530	-0.001479	0.001030	-0.000830	0.002831	0.000365
13.383185	1.009505	-0.001387	0.001039	-0.000770	0.003034	0.000251
13.414601	1.009482	-0.001288	0.001046	-0.000708	0.003223	0.000137
13.446017	1.009460	-0.001184	0.001048	-0.000644	0.003399	0.000022
13.477432	1.009441	-0.001075	0.001047	-0.000579	0.003561	-0.000092
13.508848	1.009424	-0.000961	0.001042	-0.000513	0.003707	-0.000207
13.540264	1.009409	-0.000842	0.001034	-0.000446	0.003837	-0.000320
13.571680	1.009396	-0.000720	0.001022	-0.000379	0.003950	-0.000433
13.603096	1.009385	-0.000594	0.001007	-0.000311	0.004045	-0.000544
13.634512	1.009376	-0.000466	0.000988	-0.000243	0.004122	-0.000654
13.665928	1.009370	-0.000335	0.000966	-0.000174	0.004180	-0.000762
13.697344	1.009365	-0.000203	0.000940	-0.000105	0.004220	-0.000867
13.728760	1.009363	-0.000070	0.000911	-0.000036	0.004240	-0.000969
13.760176	1.009363	0.000063	0.000879	0.000033	0.004240	-0.001068
13.791592	1.009365	0.000196	0.000844	0.000101	0.004221	-0.001164
13.823008	1.009370	0.000328	0.000806	0.000170	0.004183	-0.001256
13.854424	1.009376	0.000459	0.000765	0.000239	0.004126	-0.001344
13.885840	1.009385	0.000587	0.000722	0.000307	0.004050	-0.001427
13.917255	1.009395	0.000713	0.000676	0.000375	0.003956	-0.001506
13.948671	1.009408	0.000835	0.000627	0.000442	0.003844	-0.001580
13.980087	1.009423	0.000954	0.000576	0.000509	0.003715	-0.001649
14.011503	1.009440	0.001069	0.000524	0.000575	0.003569	-0.001712
14.042919	1.009459	0.001178	0.000469	0.000640	0.003409	-0.001769
14.074335	1.009480	0.001283	0.000413	0.000704	0.003233	-0.001821
14.105751	1.009503	0.001381	0.000355	0.000767	0.003044	-0.001866
14.137167	1.009529	0.001474	0.000295	0.000827	0.002843	-0.001904
14.168583	1.009555	0.001560	0.000235	0.000886	0.002630	-0.001936
14.199999	1.009584	0.001639	0.000174	0.000942	0.002406	-0.001960
14.231415	1.009615	0.001711	0.000112	0.000996	0.002173	-0.001978
14.262831	1.009647	0.001775	0.000050	0.001047	0.001933	-0.001988
14.294247	1.009680	0.001832	-0.000013	0.001094	0.001685	-0.001990
14.325663	1.009715	0.001881	-0.000075	0.001138	0.001431	-0.001985
14.357078	1.009752	0.001922	-0.000137	0.001178	0.001173	-0.001972
14.388494	1.009789	0.001955	-0.000199	0.001213	0.000911	-0.001951
14.419910	1.009828	0.001979	-0.000260	0.001244	0.000647	-0.001922
14.451326	1.009867	0.001995	-0.000320	0.001269	0.000381	-0.001885
14.482742	1.009908	0.002003	-0.000378	0.001290	0.000116	-0.001840
14.514158	1.009948	0.002003	-0.000435	0.001305	-0.000149	-0.001787
14.545574	1.009990	0.001994	-0.000490	0.001314	-0.000412	-0.001726
14.576990	1.010031	0.001977	-0.000544	0.001317	-0.000672	-0.001658
14.608406	1.010072	0.001952	-0.000595	0.001315	-0.000927	-0.001582
14.639822	1.010113	0.001919	-0.000643	0.001305	-0.001179	-0.001499
14.671238	1.010154	0.001878	-0.000689	0.001290	-0.001424	-0.001408
14.702654	1.010194	0.001829	-0.000731	0.001268	-0.001663	-0.001311
14.734070	1.010234	0.001773	-0.000771	0.001240	-0.001894	-0.001208
14.765485	1.010272	0.001710	-0.000807	0.001206	-0.002117	-0.001099
14.796901	1.010310	0.001640	-0.000840	0.001166	-0.002331	-0.000984
14.828317	1.010345	0.001564	-0.000869	0.001119	-0.002535	-0.000865
14.859733	1.010380	0.001481	-0.000894	0.001067	-0.002728	-0.000741
14.891149	1.010412	0.001393	-0.000916	0.001009	-0.002910	-0.000613
14.922565	1.010443	0.001299	-0.000933	0.000946	-0.003081	-0.000482
14.953981	1.010472	0.001199	-0.000946	0.000879	-0.003239	-0.000349
14.985397	1.010498	0.001095	-0.000955	0.000806	-0.003384	-0.000214
15.016813	1.010522	0.000987	-0.000959	0.000729	-0.003515	-0.000078
15.048229	1.010544	0.000875	-0.000960	0.000648	-0.003632	0.000059
15.079645	1.010563	0.000759	-0.000956	0.000564	-0.003735	0.000195
15.111061	1.010580	0.000640	-0.000947	0.000477	-0.003823	0.000330
15.142477	1.010593	0.000519	-0.000935	0.000388	-0.003896	0.000463
15.173893	1.010604	0.000395	-0.000918	0.000296	-0.003954	0.000595
15.205308	1.010612	0.000270	-0.000898	0.000203	-0.003996	0.000723
15.236724	1.010617	0.000144	-0.000873	0.000108	-0.004022	0.000847
15.268140	1.010619	0.000018	-0.000844	0.000013	-0.004032	0.000967
15.299556	1.010617	-0.000109	-0.000812	-0.000082	-0.004026	0.001083
15.330972	1.010613	-0.000235	-0.000776	-0.000176	-0.004005	0.001193
15.362388	1.010606	-0.000360	-0.000737	-0.000270	-0.003967	0.001297
15.393804	1.010596	-0.000484	-0.000695	-0.000362	-0.003914	0.001395
15.425220	1.010584	-0.000606	-0.000650	-0.000452	-0.003845	0.001486
15.456636	1.010568	-0.000725	-0.000602	-0.000540	-0.003762	0.001571
15.488052	1.010550	-0.000842	-0.000551	-0.000625	-0.003663	0.001648
15.519468	1.010529	-0.000955	-0.000498	-0.000707	-0.003550	0.001717
15.550884	1.010505	-0.001065	-0.000443	-0.000785	-0.003422	0.001779
15.582300	1.010480	-0.001170	-0.000387	-0.000858	-0.003281	0.001833
15.613715	1.010452	-0.001271	-0.000328	-0.000928	-0.003127	0.001879
15.645131	1.010421	-0.001367	-0.000269	-0.000992	-0.002960	0.001917
15.676547	1.010389	-0.001457	-0.000208	-0.001051	-0.002781	0.001947
15.707963	1.010355	-0.001541	-0.000146	-0.001105	-0.002591	0.001969
15.739379	1.010320	-0.001620	-0.000084	-0.001153	-0.002389	0.001984
15.770795	1.010283	-0.001691	-0.000022	-0.001195	-0.002178	0.001990
15.802211	1.010245	-0.001756	0.000041	-0.001231	-0.001958	0.001988
15.833627	1.010206	-0.001814	0.000103	-0.001261	-0.001729	0.001980
15.865043	1.010166	-0.001865	0.000165	-0.001285	-0.001492	0.001963
15.896459	1.010125	-0.001908	0.000226	-0.001302	-0.001249	0.001940
15.927875	1.010084	-0.001943	0.000287	-0.001313	-0.000999	0.001909
15.959291	1.010043	-0.001971	0.000346	-0.001317	-0.000744	0.001871
15.990707	1.010001	-0.001990	0.000404	-0.001316	-0.000486	0.001827
16.022123	1.009960	-0.002001	0.000461	-0.001308	-0.000223	0.001777
16.053538	1.009919	-0.002004	0.000516	-0.001295	0.000041	0.001720
16.084954	1.009879	-0.001999	0.000569	-0.001276	0.000306	0.001658
16.116370	1.009839	-0.001985	0.000620	-0.001252	0.000572	0.001590
16.147786	1.009800	-0.001963	0.000669	-0.001222	0.000836	0.001517
16.179202	1.009762	-0.001932	0.000715	-0.001188	0.001099	0.001439
16.210618	1.009726	-0.001894	0.000759	-0.001149	0.001358	0.001356
16.242034	1.009690	-0.001847	0.000801	-0.001107	0.001613	0.001269
16.273450	1.009656	-0.001792	0.000839	-0.001060	0.001863	0.001177
16.304866	1.009624	-0.001730	0.000874	-0.001011	0.002106	0.001082
16.336282	1.009593	-0.001660	0.000907	-0.000958	0.002341	0.000983
16.367698	1.009563	-0.001583	0.000936	-0.000902	0.002567	0.000881
16.399114	1.009536	-0.001499	0.000962	-0.000844	0.002783	0.000777
16.430530	1.009510	-0.001408	0.000985	-0.000784	0.002988	0.000670
16.461946	1.009487	-0.001311	0.001004	-0.000722	0.003181	0.000560
16.493361	1.009465	-0.001208	0.001020	-0.000659	0.003360	0.000449
16.524777	1.009445	-0.001100	0.001033	-0.000594	0.003525	0.000337
16.556193	1.009428	-0.000987	0.001041	-0.000528	0.003675	0.000223
16.587609	1.009412	-0.000869	0.001047	-0.000461	0.003809	0.000109
16.619025	1.009399	-0.000748	0.001048	-0.000394	0.003926	-0.000006
16.650441	1.009387	-0.000623	0.001046	-0.000326	0.004025	-0.000121
16.681857	1.009378	-0.000495	0.001041	-0.000258	0.004106	-0.000235
16.713273	1.009371	-0.000365	0.001031	-0.000190	0.004169	-0.000348
16.744689	1.009366	-0.000233	0.001019	-0.000121	0.004212	-0.000461
16.776105	1.009364	-0.000101	0.001002	-0.000052	0.004237	-0.000572
16.807521	1.009363	0.000033	0.000983	0.000017	0.004242	-0.000681
16.838937	1.009365	0.000166	0.000960	0.000086	0.004227	-0.000788
16.870353	1.009368	0.000298	0.000933	0.000155	0.004194	-0.000892
16.901768	1.009374	0.000429	0.000904	0.000223	0.004141	-0.000994
16.933184	1.009382	0.000558	0.000871	0.000292	0.004069	-0.001092
16.964600	1.009393	0.000684	0.000835	0.000360	0.003979	-0.001187
16.996016	1.009405	0.000808	0.000796	0.000427	0.003871	-0.001278
17.027432	1.009420	0.000927	0.000755	0.000494	0.003746	-0.001365
17.058848	1.009436	0.001043	0.000711	0.000560	0.003604	-0.001447
17.090264	1.009455	0.001154	0.000664	0.000626	0.003447	-0.001525
17.121680	1.009475	0.001259	0.000615	0.000690	0.003274	-0.001598
17.153096	1.009498	0.001359	0.000564	0.000752	0.003088	-0.001665
17.184512	1.009523	0.001453	0.000510	0.000813	0.002890	-0.001727
17.215928	1.009549	0.001541	0.000455	0.000873	0.002679	-0.001783
17.247344	1.009577	0.001621	0.000398	0.000929	0.002458	-0.001832
17.278760	1.009607	0.001695	0.000340	0.000984	0.002227	-0.001876
17.310176	1.009639	0.001761	0.000281	0.001035	0.001988	-0.001912
17.341591	1.009673	0.001820	0.000220	0.001084	0.001742	-0.001942
17.373007	1.009707	0.001871	0.000159	0.001128	0.001489	-0.001965
17.404423	1.009743	0.001913	0.000097	0.001169	0.001232	-0.001981
17.435839	1.009781	0.001948	0.000034	0.001205	0.000971	-0.001989
17.467255	1.009819	0.001974	-0.000028	0.001237	0.000707	-0.001990
17.498671	1.009858	0.001993	-0.000091	0.001264	0.000442	-0.001982
17.530087	1.009898	0.002002	-0.000153	0.001286	0.000176	-0.001967
17.561503	1.009939	0.002004	-0.000214	0.001302	-0.000089	-0.001944
17.592919	1.009980	0.001997	-0.000275	0.001313	-0.000352	-0.001914
17.624335	1.010021	0.001982	-0.000334	0.001317	-0.000613	-0.001875
17.655751	1.010063	0.001958	-0.000393	0.001316	-0.000869	-0.001828
17.687167	1.010104	0.001927	-0.000449	0.001308	-0.001122	-0.001773
17.718583	1.010145	0.001888	-0.000504	0.001294	-0.001368	-0.001710
17.749998	1.010185	0.001841	-0.000557	0.001274	-0.001609	-0.001640
17.781414	1.010225	0.001787	-0.000607	0.001247	-0.001842	-0.001562
17.812830	1.010264	0.001725	-0.000655	0.001214	-0.002067	-0.001477
17.844246	1.010301	0.001657	-0.000700	0.001175	-0.002283	-0.001385
17.875662	1.010337	0.001582	-0.000742	0.001130	-0.002489	-0.001286
17.907078	1.010372	0.001501	-0.000780	0.001080	-0.002685	-0.001181
17.938494	1.010405	0.001413	-0.000816	0.001023	-0.002870	-0.001071
17.969910	1.010436	0.001321	-0.000848	0.000961	-0.003043	-0.000955
18.001326	1.010466	0.001222	-0.000876	0.000894	-0.003204	-0.000834
18.032742	1.010493	0.001119	-0.000900	0.000823	-0.003352	-0.000709
18.064158	1.010517	0.001012	-0.000920	0.000747	-0.003486	-0.000581
18.095574	1.010539	0.000900	-0.000936	0.000667	-0.003607	-0.000449
18.126990	1.010559	0.000785	-0.000948	0.000584	-0.003713	-0.000316
18.158406	1.010576	0.000667	-0.000956	0.000497	-0.003805	-0.000180
18.189821	1.010590	0.000547	-0.000960	0.000408	-0.003881	-0.000044
18.221237	1.010602	0.000424	-0.000959	0.000317	-0.003942	0.000092
18.252653	1.010610	0.000299	-0.000954	0.000224	-0.003987	0.000228
18.284069	1.010616	0.000173	-0.000945	0.000130	-0.004017	0.000363
18.315485	1.010618	0.000047	-0.000931	0.000035	-0.004031	0.000496
18.346901	1.010618	-0.000080	-0.000913	-0.000060	-0.004029	0.000627
18.378317	1.010615	-0.000206	-0.000892	-0.000155	-0.004011	0.000754
18.409733	1.010608	-0.000332	-0.000866	-0.000248	-0.003977	0.000877
18.441149	1.010599	-0.000456	-0.000837	-0.000341	-0.003928	0.000996
18.472565	1.010587	-0.000578	-0.000804	-0.000432	-0.003862	0.001111
18.503981	1.010572	-0.000698	-0.000767	-0.000520	-0.003782	0.001219
18.535397	1.010554	-0.000816	-0.000727	-0.000606	-0.003687	0.001322
18.566813	1.010534	-0.000930	-0.000684	-0.000688	-0.003577	0.001418
18.598229	1.010511	-0.001040	-0.000638	-0.000767	-0.003453	0.001508
18.629644	1.010486	-0.001147	-0.000589	-0.000842	-0.003314	0.001590
18.661060	1.010458	-0.001248	-0.000538	-0.000912	-0.003163	0.001666
18.692476	1.010428	-0.001345	-0.000485	-0.000978	-0.002999	0.001733
18.723892	1.010397	-0.001437	-0.000429	-0.001038	-0.002823	0.001793
18.755308	1.010363	-0.001523	-0.000372	-0.001093	-0.002635	0.001845
18.786724	1.010328	-0.001602	-0.000313	-0.001143	-0.002436	0.001889
18.818140	1.010292	-0.001675	-0.000254	-0.001186	-0.002227	0.001925
18.849556	1.010254	-0.001742	-0.000193	-0.001224	-0.002009	0.001953
18.880972	1.010215	-0.001802	-0.000131	-0.001255	-0.001782	0.001974
18.912388	1.010175	-0.001854	-0.000069	-0.001280	-0.001547	0.001986
18.943804	1.010134	-0.001899	-0.000006	-0.001298	-0.001305	0.001990
18.975220	1.010093	-0.001936	0.000056	-0.001311	-0.001056	0.001987
19.006636	1.010052	-0.001965	0.000119	-0.001317	-0.000803	0.001976
19.038051	1.010011	-0.001986	0.000180	-0.001317	-0.000545	0.001958
19.069467	1.009969	-0.001999	0.000242	-0.001310	-0.000284	0.001933
19.100883	1.009928	-0.002004	0.000302	-0.001298	-0.000020	0.001900
19.132299	1.009888	-0.002000	0.000361	-0.001281	0.000246	0.001861
19.163715	1.009848	-0.001989	0.000419	-0.001258	0.000511	0.001815
19.195131	1.009809	-0.001968	0.000475	-0.001229	0.000776	0.001763
19.226547	1.009771	-0.001940	0.000529	-0.001196	0.001039	0.001706
19.257963	1.009734	-0.001903	0.000582	-0.001159	0.001300	0.001642
19.289379	1.009698	-0.001858	0.000632	-0.001117	0.001556	0.001573
19.320795	1.009664	-0.001805	0.000681	-0.001071	0.001807	0.001498
19.352211	1.009631	-0.001745	0.000727	-0.001022	0.002051	0.001419
19.383627	1.009599	-0.001677	0.000770	-0.000970	0.002288	0.001335
19.415043	1.009570	-0.001601	0.000810	-0.000915	0.002517	0.001246
19.446459	1.009542	-0.001519	0.000848	-0.000857	0.002735	0.001154
19.477874	1.009516	-0.001429	0.000883	-0.000798	0.002943	0.001058
19.509290	1.009492	-0.001334	0.000914	-0.000736	0.003138	0.000958
19.540706	1.009470	-0.001232	0.000943	-0.000673	0.003321	0.000856
19.572122	1.009450	-0.001125	0.000968	-0.000609	0.003489	0.000750
19.603538	1.009432	-0.001013	0.000990	-0.000543	0.003642	0.000643
19.634954	1.009416	-0.000897	0.001009	-0.000477	0.003780	0.000533
19.666370	1.009402	-0.000776	0.001024	-0.000410	0.003901	0.000421
19.697786	1.009390	-0.000652	0.001035	-0.000342	0.004004	0.000308
19.729202	1.009380	-0.000525	0.001043	-0.000274	0.004089	0.000195
19.760618	1.009373	-0.000395	0.001047	-0.000205	0.004156	0.000080
19.792034	1.009367	-0.000264	0.001048	-0.000137	0.004204	-0.000035
19.823450	1.009364	-0.000131	0.001045	-0.000068	0.004233	-0.000149
19.854866	1.009363	0.000002	0.001039	0.000001	0.004242	-0.000263
19.886281	1.009364	0.000135	0.001029	0.000070	0.004232	-0.000376
19.917697	1.009367	0.000268	0.001015	0.000139	0.004203	-0.000489
19.949113	1.009373	0.000399	0.000998	0.000208	0.004154	-0.000599
19.980529	1.009380	0.000529	0.000977	0.000276	0.004087	-0.000708
20.011945	1.009390	0.000656	0.000953	0.000344	0.004001	-0.000814
20.043361	1.009402	0.000780	0.000926	0.000412	0.003897	-0.000918
20.074777	1.009416	0.000900	0.000896	0.000479	0.003776	-0.001019
20.106193	1.009432	0.001017	0.000862	0.000545	0.003638	-0.001116
20.137609	1.009450	0.001129	0.000826	0.000611	0.003484	-0.001210
20.169025	1.009470	0.001236	0.000786	0.000675	0.003315	-0.001300
20.200441	1.009493	0.001337	0.000744	0.000738	0.003132	-0.001386
20.231857	1.009517	0.001432	0.000699	0.000800	0.002936	-0.001467
20.263273	1.009543	0.001521	0.000652	0.000859	0.002728	-0.001544
20.294689	1.009571	0.001604	0.000602	0.000917	0.002509	-0.001615
20.326104	1.009600	0.001679	0.000551	0.000972	0.002281	-0.001681
20.357520	1.009632	0.001747	0.000497	0.001024	0.002043	-0.001741
20.388936	1.009665	0.001807	0.000441	0.001073	0.001799	-0.001795
20.420352	1.009699	0.001860	0.000384	0.001118	0.001548	-0.001844
20.451768	1.009735	0.001904	0.000325	0.001160	0.001291	-0.001885
20.483184	1.009772	0.001941	0.000266	0.001197	0.001031	-0.001920
20.514600	1.009810	0.001969	0.000205	0.001230	0.000768	-0.001949
20.546016	1.009849	0.001989	0.000143	0.001258	0.000503	-0.001970
20.577432	1.009889	0.002001	0.000081	0.001281	0.000237	-0.001984
20.608848	1.009930	0.002004	0.000019	0.001299	-0.000028	-0.001990
20.640264	1.009971	0.001999	-0.000044	0.001311	-0.000292	-0.001989
20.671680	1.010012	0.001986	-0.000106	0.001317	-0.000553	-0.001979
20.703096	1.010053	0.001964	-0.000168	0.001317	-0.000811	-0.001962
20.734512	1.010095	0.001935	-0.000229	0.001310	-0.001065	-0.001938
20.765927	1.010136	0.001897	-0.000290	0.001298	-0.001313	-0.001905
20.797343	1.010176	0.001852	-0.000349	0.001279	-0.001555	-0.001864
20.828759	1.010216	0.001800	-0.000407	0.001254	-0.001789	-0.001815
20.860175	1.010255	0.001740	-0.000463	0.001222	-0.002016	-0.001758
20.891591	1.010293	0.001673	-0.000517	0.001185	-0.002234	-0.001693
20.923007	1.010329	0.001600	-0.000569	0.001141	-0.002443	-0.001621
20.954423	1.010364	0.001520	-0.000619	0.001092	-0.002641	-0.001542
20.985839	1.010398	0.001434	-0.000666	0.001036	-0.002829	-0.001455
21.017255	1.010429	0.001342	-0.000710	0.000976	-0.003005	-0.001361
21.048671	1.010459	0.001245	-0.000751	0.000910	-0.003168	-0.001261
21.080087	1.010487	0.001143	-0.000789	0.000840	-0.003319	-0.001154
21.111503	1.010512	0.001037	-0.000824	0.000765	-0.003457	-0.001043
21.142919	1.010535	0.000926	-0.000855	0.000686	-0.003581	-0.000925
21.174334	1.010555	0.000812	-0.000882	0.000603	-0.003690	-0.000804
21.205750	1.010572	0.000695	-0.000905	0.000517	-0.003785	-0.000678
21.237166	1.010587	0.000574	-0.000925	0.000429	-0.003865	-0.000549
21.268582	1.010599	0.000452	-0.000940	0.000338	-0.003929	-0.000416
21.299998	1.010609	0.000328	-0.000951	0.000245	-0.003978	-0.000282
21.331414	1.010615	0.000202	-0.000957	0.000152	-0.004012	-0.000147
21.362830	1.010618	0.000076	-0.000960	0.000057	-0.004029	-0.000010
21.394246	1.010618	-0.000051	-0.000958	-0.000038	-0.004031	0.000126
21.425662	1.010616	-0.000177	-0.000952	-0.000133	-0.004016	0.000262
21.457078	1.010610	-0.000303	-0.000942	-0.000227	-0.003986	0.000396
21.488494	1.010601	-0.000428	-0.000927	-0.000320	-0.003940	0.000529
21.519910	1.010590	-0.000551	-0.000908	-0.000411	-0.003879	0.000659
21.551326	1.010576	-0.000671	-0.000886	-0.000500	-0.003802	0.000785
21.582742	1.010558	-0.000789	-0.000859	-0.000587	-0.003710	0.000907
21.614157	1.010539	-0.000904	-0.000829	-0.000670	-0.003603	0.001025
21.645573	1.010516	-0.001015	-0.000795	-0.000750	-0.003482	0.001138
21.676989	1.010492	-0.001123	-0.000757	-0.000825	-0.003347	0.001245
21.708405	1.010465	-0.001226	-0.000717	-0.000897	-0.003199	0.001346
21.739821	1.010435	-0.001324	-0.000673	-0.000963	-0.003038	0.001441
21.771237	1.010404	-0.001416	-0.000626	-0.001025	-0.002864	0.001529
21.802653	1.010371	-0.001503	-0.000577	-0.001081	-0.002679	0.001610
21.834069	1.010336	-0.001585	-0.000525	-0.001132	-0.002483	0.001683
21.865485	1.010300	-0.001659	-0.000471	-0.001177	-0.002276	0.001749
21.896901	1.010262	-0.001727	-0.000415	-0.001216	-0.002060	0.001807
21.928317	1.010224	-0.001789	-0.000358	-0.001248	-0.001834	0.001857
21.959733	1.010184	-0.001843	-0.000299	-0.001275	-0.001601	0.001899
21.991149	1.010144	-0.001889	-0.000239	-0.001295	-0.001361	0.001933
22.022565	1.010103	-0.001928	-0.000177	-0.001308	-0.001114	0.001959
22.053980	1.010062	-0.001959	-0.000115	-0.001316	-0.000861	0.001977
22.085396	1.010020	-0.001982	-0.000053	-0.001317	-0.000604	0.001988
22.116812	1.009979	-0.001997	0.000009	-0.001312	-0.000343	0.001990
22.148228	1.009938	-0.002004	0.000072	-0.001302	-0.000080	0.001985
22.179644	1.009897	-0.002002	0.000134	-0.001285	0.000185	0.001972
22.211060	1.009857	-0.001992	0.000196	-0.001263	0.000451	0.001952
22.242476	1.009818	-0.001974	0.000257	-0.001236	0.000716	0.001925
22.273892	1.009779	-0.001947	0.000317	-0.001204	0.000979	0.001891
22.305308	1.009742	-0.001912	0.000375	-0.001168	0.001240	0.001850
22.336724	1.009706	-0.001869	0.000433	-0.001127	0.001498	0.001803
22.368140	1.009671	-0.001818	0.000489	-0.001082	0.001750	0.001750
22.399556	1.009638	-0.001759	0.000543	-0.001034	0.001996	0.001690
22.430972	1.009606	-0.001693	0.000595	-0.000982	0.002235	0.001625
22.462387	1.009576	-0.001619	0.000645	-0.000928	0.002465	0.001555
22.493803	1.009548	-0.001538	0.000692	-0.000871	0.002686	0.001479
22.525219	1.009522	-0.001450	0.000738	-0.000812	0.002896	0.001398
22.556635	1.009497	-0.001356	0.000780	-0.000750	0.003095	0.001313
22.588051	1.009475	-0.001256	0.000820	-0.000688	0.003280	0.001224
22.619467	1.009454	-0.001150	0.000857	-0.000624	0.003452	0.001130
22.650883	1.009436	-0.001039	0.000891	-0.000558	0.003609	0.001033
22.682299	1.009419	-0.000924	0.000922	-0.000492	0.003750	0.000933
22.713715	1.009405	-0.000804	0.000950	-0.000425	0.003875	0.000830
22.745131	1.009392	-0.000680	0.000974	-0.000357	0.003982	0.000724
22.776547	1.009382	-0.000554	0.000995	-0.000289	0.004071	0.000616
22.807963	1.009374	-0.000425	0.001013	-0.000221	0.004143	0.000505
22.839379	1.009368	-0.000294	0.001027	-0.000152	0.004195	0.000393
22.870795	1.009365	-0.000161	0.001037	-0.000084	0.004228	0.000280
22.902210	1.009363	-0.000028	0.001044	-0.000015	0.004242	0.000166
22.933626	1.009364	0.000105	0.001048	0.000054	0.004236	0.000052
22.965042	1.009366	0.000238	0.001048	0.000123	0.004211	-0.000063
22.996458	1.009371	0.000369	0.001044	0.000192	0.004167	-0.000177
23.027874	1.009378	0.000499	0.001036	0.000260	0.004104	-0.000291
23.059290	1.009388	0.000627	0.001026	0.000329	0.004022	-0.000404
23.090706	1.009399	0.000752	0.001011	0.000396	0.003922	-0.000516
23.122122	1.009413	0.000873	0.000993	0.000464	0.003805	-0.000626
23.153538	1.009428	0.000991	0.000972	0.000530	0.003671	-0.000734
23.184954	1.009446	0.001104	0.000947	0.000596	0.003520	-0.000840
23.216370	1.009466	0.001212	0.000919	0.000661	0.003355	-0.000943
23.247786	1.009487	0.001314	0.000888	0.000724	0.003175	-0.001043
23.279202	1.009511	0.001411	0.000853	0.000786	0.002982	-0.001140
23.310617	1.009537	0.001502	0.000816	0.000846	0.002777	-0.001233
23.342033	1.009564	0.001585	0.000776	0.000904	0.002560	-0.001322
23.373449	1.009594	0.001662	0.000733	0.000959	0.002334	-0.001406
23.404865	1.009625	0.001732	0.000688	0.001012	0.002098	-0.001487
23.436281	1.009657	0.001794	0.000640	0.001062	0.001855	-0.001562
23.467697	1.009691	0.001849	0.000590	0.001108	0.001605	-0.001632
23.499113	1.009727	0.001895	0.000537	0.001151	0.001350	-0.001696
23.530529	1.009763	0.001933	0.000483	0.001189	0.001091	-0.001755
23.561945	1.009801	0.001963	0.000427	0.001223	0.000828	-0.001808
23.593361	1.009840	0.001985	0.000370	0.001252	0.000563	-0.001855
23.624777	1.009880	0.001999	0.000311	0.001277	0.000298	-0.001895
23.656193	1.009920	0.002004	0.000251	0.001295	0.000032	-0.001928
23.687609	1.009961	0.002001	0.000190	0.001308	-0.000232	-0.001955
23.719025	1.010003	0.001989	0.000128	0.001316	-0.000494	-0.001974
23.750440	1.010044	0.001970	0.000066	0.001317	-0.000753	-0.001986
23.781856	1.010085	0.001942	0.000003	0.001312	-0.001007	-0.001990
23.813272	1.010126	0.001907	-0.000059	0.001301	-0.001257	-0.001987
23.844688	1.010167	0.001863	-0.000122	0.001284	-0.001500	-0.001976
23.876104	1.010207	0.001812	-0.000183	0.001260	-0.001736	-0.001957
23.907520	1.010246	0.001754	-0.000244	0.001230	-0.001965	-0.001930
23.938936	1.010284	0.001689	-0.000305	0.001194	-0.002185	-0.001895
23.970352	1.010321	0.001617	-0.000363	0.001152	-0.002396	-0.001852
24.001768	1.010356	0.001539	-0.000421	0.001103	-0.002597	-0.001801
24.033184	1.010390	0.001454	-0.000477	0.001050	-0.002787	-0.001743
24.064600	1.010422	0.001364	-0.000530	0.000990	-0.002965	-0.001676
24.096016	1.010452	0.001268	-0.000582	0.000926	-0.003132	-0.001602
24.127432	1.010480	0.001167	-0.000631	0.000856	-0.003286	-0.001521
24.158848	1.010506	0.001062	-0.000677	0.000782	-0.003427	-0.001432
24.190263	1.010530	0.000952	-0.000721	0.000704	-0.003554	-0.001337
24.221679	1.010550	0.000838	-0.000761	0.000622	-0.003666	-0.001235
24.253095	1.010569	0.000722	-0.000798	0.000537	-0.003765	-0.001127
24.284511	1.010584	0.000602	-0.000832	0.000449	-0.003848	-0.001014
24.315927	1.010597	0.000480	-0.000862	0.000359	-0.003916	-0.000896
24.347343	1.010607	0.000356	-0.000888	0.000267	-0.003969	-0.000773
24.378759	1.010614	0.000231	-0.000910	0.000173	-0.004006	-0.000646
24.410175	1.010618	0.000105	-0.000929	0.000078	-0.004027	-0.000516
24.441591	1.010619	-0.000022	-0.000943	-0.000017	-0.004032	-0.000383
24.473007	1.010617	-0.000149	-0.000953	-0.000111	-0.004021	-0.000249
24.504423	1.010612	-0.000274	-0.000958	-0.000206	-0.003995	-0.000113
24.535839	1.010604	-0.000399	-0.000960	-0.000299	-0.003952	0.000024
24.567255	1.010593	-0.000523	-0.000957	-0.000391	-0.003894	0.000160
24.598670	1.010579	-0.000644	-0.000950	-0.000480	-0.003821	0.000296
24.630086	1.010563	-0.000763	-0.000938	-0.000567	-0.003732	0.000430
24.661502	1.010543	-0.000878	-0.000923	-0.000651	-0.003629	0.000561
24.692918	1.010522	-0.000990	-0.000903	-0.000732	-0.003511	0.000690
24.724334	1.010498	-0.001099	-0.000880	-0.000808	-0.003379	0.000816
24.755750	1.010471	-0.001203	-0.000852	-0.000881	-0.003234	0.000937
24.787166	1.010442	-0.001302	-0.000821	-0.000949	-0.003075	0.001054
24.818582	1.010411	-0.001396	-0.000786	-0.001011	-0.002905	0.001165
24.849998	1.010379	-0.001484	-0.000748	-0.001069	-0.002722	0.001271
24.881414	1.010344	-0.001567	-0.000706	-0.001121	-0.002528	0.001370
24.912830	1.010308	-0.001643	-0.000662	-0.001167	-0.002324	0.001464
24.944246	1.010271	-0.001713	-0.000614	-0.001207	-0.002110	0.001550
24.975662	1.010233	-0.001775	-0.000564	-0.001241	-0.001887	0.001629
25.007078	1.010193	-0.001831	-0.000512	-0.001269	-0.001655	0.001700
25.038493	1.010153	-0.001879	-0.000457	-0.001291	-0.001416	0.001764
25.069909	1.010112	-0.001920	-0.000401	-0.001306	-0.001171	0.001820
25.101325	1.010071	-0.001953	-0.000343	-0.001315	-0.000919	0.001868
25.132741	1.010030	-0.001978	-0.000284	-0.001317	-0.000663	0.001908
25.164157	1.009988	-0.001994	-0.000223	-0.001314	-0.000403	0.001940
25.195573	1.009947	-0.002003	-0.000162	-0.001305	-0.000140	0.001964
25.226989	1.009906	-0.002003	-0.000100	-0.001289	0.000124	0.001981
25.258405	1.009866	-0.001995	-0.000038	-0.001269	0.000390	0.001989
25.289821	1.009827	-0.001979	0.000025	-0.001243	0.000655	0.001990
25.321237	1.009788	-0.001954	0.000087	-0.001212	0.000919	0.001983
25.352653	1.009751	-0.001921	0.000149	-0.001176	0.001181	0.001968
25.384069	1.009714	-0.001880	0.000211	-0.001136	0.001439	0.001946
25.415485	1.009679	-0.001831	0.000272	-0.001093	0.001693	0.001917
25.446900	1.009646	-0.001773	0.000331	-0.001045	0.001940	0.001882
25.478316	1.009614	-0.001709	0.000390	-0.000994	0.002181	0.001839
25.509732	1.009583	-0.001636	0.000447	-0.000940	0.002413	0.001790
25.541148	1.009555	-0.001557	0.000502	-0.000884	0.002637	0.001735
25.572564	1.009528	-0.001471	0.000556	-0.000825	0.002849	0.001675
25.603980	1.009503	-0.001378	0.000607	-0.000765	0.003050	0.001608
25.635396	1.009480	-0.001279	0.000657	-0.000702	0.003239	0.001536
25.666812	1.009459	-0.001175	0.000704	-0.000638	0.003414	0.001459
25.698228	1.009440	-0.001065	0.000748	-0.000573	0.003574	0.001378
25.729644	1.009423	-0.000950	0.000790	-0.000507	0.003719	0.001291
25.761060	1.009408	-0.000832	0.000829	-0.000440	0.003848	0.001201
25.792476	1.009395	-0.000709	0.000866	-0.000373	0.003959	0.001107
25.823892	1.009384	-0.000583	0.000899	-0.000305	0.004053	0.001009
25.855308	1.009376	-0.000454	0.000929	-0.000237	0.004128	0.000908
25.886723	1.009369	-0.000324	0.000956	-0.000168	0.004185	0.000804
25.918139	1.009365	-0.000192	0.000979	-0.000099	0.004222	0.000697
25.949555	1.009363	-0.000059	0.001000	-0.000030	0.004240	0.000588
25.980971	1.009363	0.000075	0.001016	0.000039	0.004239	0.000478
26.012387	1.009366	0.000207	0.001030	0.000107	0.004219	0.000365
26.043803	1.009370	0.000339	0.001039	0.000176	0.004179	0.000252
26.075219	1.009377	0.000470	0.001046	0.000245	0.004120	0.000138
26.106635	1.009385	0.000598	0.001048	0.000313	0.004042	0.000023
26.138051	1.009396	0.000724	0.001047	0.000381	0.003947	-0.000091
26.169467	1.009409	0.000846	0.001042	0.000448	0.003833	-0.000206
26.200883	1.009424	0.000964	0.001034	0.000515	0.003703	-0.000320
26.232299	1.009442	0.001078	0.001022	0.000581	0.003556	-0.000432
26.263715	1.009461	0.001188	0.001007	0.000646	0.003394	-0.000544
26.295131	1.009482	0.001291	0.000988	0.000710	0.003217	-0.000653
26.326546	1.009506	0.001390	0.000966	0.000772	0.003027	-0.000761
26.357962	1.009531	0.001482	0.000940	0.000832	0.002825	-0.000866
26.389378	1.009558	0.001567	0.000912	0.000891	0.002611	-0.000968
26.420794	1.009587	0.001645	0.000880	0.000947	0.002386	-0.001067
26.452210	1.009617	0.001717	0.000844	0.001000	0.002153	-0.001163
26.483626	1.009650	0.001781	0.000806	0.001051	0.001911	-0.001255
26.515042	1.009683	0.001837	0.000766	0.001098	0.001663	-0.001343
26.546458	1.009718	0.001885	0.000722	0.001141	0.001409	-0.001427
26.577874	1.009755	0.001925	0.000676	0.001181	0.001150	-0.001506
26.609290	1.009793	0.001957	0.000628	0.001216	0.000888	-0.001580
26.640706	1.009831	0.001981	0.000577	0.001246	0.000624	-0.001648
26.672122	1.009871	0.001996	0.000524	0.001271	0.000358	-0.001711
26.703538	1.009911	0.002004	0.000469	0.001291	0.000093	-0.001769
26.734953	1.009952	0.002002	0.000413	0.001306	-0.000172	-0.001820
26.766369	1.009993	0.001993	0.000355	0.001315	-0.000434	-0.001865
26.797785	1.010035	0.001975	0.000296	0.001317	-0.000694	-0.001904
26.829201	1.010076	0.001949	0.000236	0.001314	-0.000949	-0.001935
26.860617	1.010117	0.001915	0.000174	0.001304	-0.001200	-0.001960
26.892033	1.010158	0.001874	0.000112	0.001288	-0.001445	-0.001978
26.923449	1.010198	0.001825	0.000050	0.001266	-0.001683	-0.001988
26.954865	1.010237	0.001768	-0.000012	0.001238	-0.001914	-0.001990
26.986281	1.010276	0.001705	-0.000075	0.001203	-0.002136	-0.001985
27.017697	1.010313	0.001634	-0.000137	0.001162	-0.002349	-0.001972
27.049113	1.010349	0.001557	-0.000199	0.001115	-0.002552	-0.001951
27.080529	1.010383	0.001474	-0.000259	0.001062	-0.002744	-0.001922
27.111945	1.010415	0.001385	-0.000319	0.001004	-0.002926	-0.001885
27.143361	1.010446	0.001290	-0.000378	0.000941	-0.003095	-0.001840
27.174776	1.010474	0.001190	-0.000435	0.000872	-0.003252	-0.001788
27.206192	1.010501	0.001086	-0.000490	0.000799	-0.003396	-0.001727
27.237608	1.010524	0.000977	-0.000543	0.000722	-0.003526	-0.001659
27.269024	1.010546	0.000865	-0.000594	0.000641	-0.003642	-0.001583
27.300440	1.010565	0.000749	-0.000643	0.000557	-0.003743	-0.001499
27.331856	1.010581	0.000630	-0.000688	0.000470	-0.003830	-0.001409
27.363272	1.010594	0.000508	-0.000731	0.000380	-0.003902	-0.001312
27.394688	1.010605	0.000385	-0.000771	0.000288	-0.003958	-0.001209
27.426104	1.010612	0.000260	-0.000807	0.000195	-0.003999	-0.001100
27.457520	1.010617	0.000133	-0.000840	0.000100	-0.004023	-0.000985
27.488936	1.010619	0.000007	-0.000869	0.000005	-0.004032	-0.000865
27.520352	1.010617	-0.000120	-0.000894	-0.000090	-0.004025	-0.000742
27.551768	1.010613	-0.000246	-0.000915	-0.000184	-0.004002	-0.000614
27.583183	1.010606	-0.000371	-0.000933	-0.000278	-0.003963	-0.000483
27.614599	1.010595	-0.000495	-0.000946	-0.000370	-0.003909	-0.000350
27.646015	1.010582	-0.000616	-0.000955	-0.000460	-0.003839	-0.000215
27.677431	1.010567	-0.000736	-0.000959	-0.000548	-0.003754	-0.000079
27.708847	1.010548	-0.000852	-0.000960	-0.000632	-0.003654	0.000058
27.740263	1.010527	-0.000965	-0.000956	-0.000714	-0.003539	0.000194
27.771679	1.010503	-0.001074	-0.000947	-0.000791	-0.003410	0.000329
27.803095	1.010477	-0.001179	-0.000935	-0.000865	-0.003268	0.000462
27.834511	1.010449	-0.001280	-0.000918	-0.000934	-0.003113	0.000594
27.865927	1.010419	-0.001375	-0.000898	-0.000998	-0.002945	0.000722
27.897343	1.010386	-0.001464	-0.000873	-0.001056	-0.002765	0.000846
27.928759	1.010352	-0.001548	-0.000845	-0.001110	-0.002573	0.000966
27.960175	1.010317	-0.001626	-0.000812	-0.001157	-0.002371	0.001082
27.991591	1.010280	-0.001697	-0.000777	-0.001199	-0.002159	0.001192
28.023006	1.010241	-0.001762	-0.000738	-0.001234	-0.001938	0.001296
28.054422	1.010202	-0.001819	-0.000695	-0.001263	-0.001709	0.001394
28.085838	1.010162	-0.001869	-0.000650	-0.001286	-0.001471	0.001486
28.117254	1.010121	-0.001911	-0.000602	-0.001303	-0.001227	0.001570
28.148670	1.010080	-0.001946	-0.000551	-0.001313	-0.000977	0.001647
28.180086	1.010039	-0.001973	-0.000499	-0.001317	-0.000722	0.001717
28.211502	1.009998	-0.001991	-0.000444	-0.001315	-0.000463	0.001779
28.242918	1.009956	-0.002002	-0.000387	-0.001307	-0.000201	0.001833
28.274334	1.009916	-0.002004	-0.000329	-0.001293	0.000064	0.001879
28.305750	1.009875	-0.001998	-0.000269	-0.001274	0.000329	0.001917
28.337166	1.009836	-0.001983	-0.000208	-0.001249	0.000595	0.001947
28.368582	1.009797	-0.001960	-0.000147	-0.001219	0.000859	0.001969
28.399998	1.009759	-0.001929	-0.000085	-0.001185	0.001122	0.001983
28.431414	1.009722	-0.001890	-0.000022	-0.001146	0.001381	0.001990
28.462829	1.009687	-0.001842	0.000040	-0.001103	0.001635	0.001989
28.494245	1.009653	-0.001787	0.000103	-0.001056	0.001884	0.001980
28.525661	1.009621	-0.001724	0.000165	-0.001006	0.002127	0.001963
28.557077	1.009590	-0.001654	0.000226	-0.000953	0.002361	0.001940
28.588493	1.009561	-0.001576	0.000286	-0.000897	0.002587	0.001909
28.619909	1.009534	-0.001491	0.000346	-0.000839	0.002802	0.001872
28.651325	1.009508	-0.001400	0.000404	-0.000779	0.003006	0.001828
28.682741	1.009485	-0.001302	0.000461	-0.000716	0.003197	0.001777
28.714157	1.009463	-0.001199	0.000516	-0.000653	0.003375	0.001721
28.745573	1.009444	-0.001091	0.000569	-0.000588	0.003539	0.001659
28.776989	1.009426	-0.000977	0.000620	-0.000522	0.003687	0.001591
28.808405	1.009411	-0.000859	0.000669	-0.000456	0.003820	0.001518
28.839821	1.009398	-0.000737	0.000715	-0.000388	0.003935	0.001439
28.871236	1.009387	-0.000612	0.000759	-0.000320	0.004033	0.001357
28.902652	1.009378	-0.000484	0.000800	-0.000252	0.004112	0.001269
28.934068	1.009371	-0.000354	0.000839	-0.000184	0.004173	0.001178
28.965484	1.009366	-0.000222	0.000874	-0.000115	0.004215	0.001083
28.996900	1.009363	-0.000089	0.000907	-0.000046	0.004238	0.000984
29.028316	1.009363	0.000044	0.000936	0.000023	0.004241	0.000882
29.059732	1.009365	0.000177	0.000962	0.000092	0.004225	0.000777
29.091148	1.009369	0.000309	0.000985	0.000160	0.004190	0.000670
29.122564	1.009375	0.000440	0.001004	0.000229	0.004135	0.000561
29.153980	1.009383	0.000569	0.001020	0.000297	0.004062	0.000450
29.185396	1.009394	0.000695	0.001032	0.000365	0.003970	0.000337
29.216812	1.009406	0.000818	0.001041	0.000433	0.003861	0.000224
29.248228	1.009421	0.000938	0.001046	0.000500	0.003734	0.000109
29.279644	1.009438	0.001053	0.001048	0.000566	0.003591	-0.000005
29.311059	1.009456	0.001163	0.001046	0.000631	0.003432	-0.000120
29.342475	1.009477	0.001268	0.001041	0.000695	0.003259	-0.000234
29.373891	1.009500	0.001368	0.001031	0.000758	0.003072	-0.000348
29.405307	1.009525	0.001461	0.001019	0.000819	0.002872	-0.000460
29.436723	1.009551	0.001548	0.001003	0.000878	0.002660	-0.000571
29.468139	1.009580	0.001628	0.000983	0.000934	0.002438	-0.000680
29.499555	1.009610	0.001701	0.000960	0.000988	0.002207	-0.000787
29.530971	1.009642	0.001767	0.000933	0.001040	0.001967	-0.000892
29.562387	1.009675	0.001825	0.000904	0.001088	0.001720	-0.000993
29.593803	1.009710	0.001875	0.000871	0.001132	0.001467	-0.001091
29.625219	1.009747	0.001917	0.000835	0.001172	0.001210	-0.001186
29.656635	1.009784	0.001951	0.000797	0.001208	0.000948	-0.001277
29.688051	1.009822	0.001976	0.000755	0.001240	0.000684	-0.001364
29.719467	1.009862	0.001994	0.000711	0.001266	0.000419	-0.001447
29.750882	1.009902	0.002003	0.000664	0.001287	0.000153	-0.001524
29.782298	1.009943	0.002003	0.000615	0.001303	-0.000112	-0.001597
29.813714	1.009984	0.001996	0.000564	0.001313	-0.000375	-0.001665
29.845130	1.010025	0.001980	0.000511	0.001317	-0.000635	-0.001726
29.876546	1.010066	0.001956	0.000456	0.001315	-0.000892	-0.001782
29.907962	1.010108	0.001924	0.000399	0.001307	-0.001143	-0.001832
29.939378	1.010148	0.001884	0.000341	0.001293	-0.001390	-0.001875
29.970794	1.010189	0.001837	0.000281	0.001272	-0.001629	-0.001912
30.002210	1.010228	0.001782	0.000220	0.001245	-0.001862	-0.001942
30.033626	1.010267	0.001720	0.000159	0.001211	-0.002086	-0.001965
30.065042	1.010304	0.001651	0.000097	0.001172	-0.002301	-0.001981
30.096458	1.010340	0.001575	0.000035	0.001126	-0.002506	-0.001989
30.127874	1.010375	0.001493	-0.000028	0.001075	-0.002701	-0.001990
30.159289	1.010408	0.001406	-0.000090	0.001018	-0.002885	-0.001982
30.190705	1.010439	0.001312	-0.000152	0.000956	-0.003057	-0.001968
30.222121	1.010468	0.001214	-0.000214	0.000888	-0.003217	-0.001945
30.253537	1.010495	0.001110	-0.000274	0.000817	-0.003364	-0.001914
30.284953	1.010519	0.001002	-0.000334	0.000740	-0.003497	-0.001875
30.316369	1.010541	0.000891	-0.000392	0.000660	-0.003617	-0.001828
30.347785	1.010561	0.000775	-0.000449	0.000576	-0.003722	-0.001773
30.379201	1.010577	0.000657	-0.000503	0.000490	-0.003812	-0.001711
30.410617	1.010591	0.000536	-0.000556	0.000400	-0.003887	-0.001640
30.442033	1.010603	0.000413	-0.000606	0.000309	-0.003947	-0.001563
30.473449	1.010611	0.000288	-0.000654	0.000216	-0.003991	-0.001478
30.504865	1.010616	0.000162	-0.000699	0.000122	-0.004019	-0.001386
30.536281	1.010618	0.000036	-0.000741	0.000027	-0.004031	-0.001287
30.567697	1.010618	-0.000091	-0.000780	-0.000068	-0.004028	-0.001182
30.599112	1.010614	-0.000217	-0.000815	-0.000163	-0.004009	-0.001072
30.630528	1.010608	-0.000343	-0.000847	-0.000257	-0.003973	-0.000956
30.661944	1.010598	-0.000467	-0.000875	-0.000349	-0.003923	-0.000835
30.693360	1.010586	-0.000589	-0.000900	-0.000440	-0.003856	-0.000710
30.724776	1.010570	-0.000709	-0.000920	-0.000528	-0.003774	-0.000582
30.756192	1.010553	-0.000826	-0.000936	-0.000613	-0.003678	-0.000450
30.787608	1.010532	-0.000940	-0.000948	-0.000695	-0.003567	-0.000317
30.819024	1.010509	-0.001050	-0.000956	-0.000774	-0.003441	-0.000181
30.850440	1.010483	-0.001156	-0.000960	-0.000848	-0.003302	-0.000045
30.881856	1.010456	-0.001257	-0.000959	-0.000918	-0.003149	0.000091
30.913272	1.010426	-0.001353	-0.000954	-0.000983	-0.002984	0.000227
30.944688	1.010394	-0.001444	-0.000945	-0.001043	-0.002807	0.000362
30.976104	1.010360	-0.001530	-0.000931	-0.001098	-0.002618	0.000495
31.007519	1.010325	-0.001609	-0.000914	-0.001147	-0.002418	0.000626
31.038935	1.010288	-0.001682	-0.000892	-0.001190	-0.002209	0.000753
31.070351	1.010250	-0.001748	-0.000866	-0.001227	-0.001990	0.000877
31.101767	1.010211	-0.001806	-0.000837	-0.001257	-0.001762	0.000996
31.133183	1.010171	-0.001858	-0.000804	-0.001282	-0.001526	0.001110
31.164599	1.010131	-0.001902	-0.000767	-0.001300	-0.001283	0.001218
31.196015	1.010090	-0.001939	-0.000727	-0.001311	-0.001035	0.001321
31.227431	1.010048	-0.001967	-0.000684	-0.001317	-0.000781	0.001418
31.258847	1.010007	-0.001988	-0.000638	-0.001316	-0.000522	0.001507
31.290263	1.009966	-0.002000	-0.000590	-0.001310	-0.000261	0.001590
31.321679	1.009925	-0.002004	-0.000539	-0.001297	0.000003	0.001665
31.353095	1.009884	-0.002000	-0.000485	-0.001279	0.000269	0.001733
31.384511	1.009845	-0.001987	-0.000430	-0.001255	0.000534	0.001793
31.415927	1.009806	-0.001966	-0.000373	-0.001227	0.000799	0.001845
